run|epoch|ts|datid|datname|numbackends|xact_commit|xact_rollback|blks_read|blks_hit|tup_returned|tup_fetched|tup_inserted|tup_updated|tup_deleted|conflicts|temp_files|temp_bytes|deadlocks|checksum_failures|checksum_last_failure|blk_read_time|blk_write_time|session_time|active_time|idle_in_transaction_time|sessions|sessions_abandoned|sessions_fatal|sessions_killed|stats_reset
1|1650316485.519201|2022-04-18 23:14:45.519201+02|16408|test|1|300790429|0|312916179|1175929352|367710405|341294384|64341301|39338649|0|0|1|500760576|0|||0|0|100978848.465|52652413.937|7073319.357|12083|0|0|0|2022-04-18 21:24:12.572335+02
1|1650316486.539031|2022-04-18 23:14:46.539031+02|16408|test|17|300802552|0|312928593|1176054598|367736959|341320274|64353319|39350667|0|0|1|500760576|0|||0|0|100993407.822|52663353.79|7075711.12|12103|0|0|0|2022-04-18 21:24:12.572335+02
2|1650316487.559640|2022-04-18 23:14:47.55964+02|16408|test|17|300817186|0|312943849|1176202775|367766822|341349728|64367949|39365297|0|0|1|500760576|0|||0|0|101010952.028|52676556.918|7078630.788|12105|0|0|0|2022-04-18 21:24:12.572335+02
3|1650316488.582091|2022-04-18 23:14:48.582091+02|16408|test|17|300830565|0|312957751|1176338284|367794129|341376672|64381324|39378672|0|0|1|500760576|0|||0|0|101026989.086|52688600.283|7081326.796|12107|0|0|0|2022-04-18 21:24:12.572335+02
4|1650316489.602830|2022-04-18 23:14:49.60283+02|16408|test|17|300843547|0|312971259|1176469813|367820663|341402822|64394302|39391650|0|0|1|500760576|0|||0|0|101043027.581|52700763.923|7083951.607|12109|0|0|0|2022-04-18 21:24:12.572335+02
5|1650316490.623690|2022-04-18 23:14:50.62369+02|16408|test|17|300854548|0|312982720|1176581448|367843175|341425010|64405299|39402647|0|0|1|500760576|0|||0|0|101059071.968|52713543.138|7086138.161|12111|0|0|0|2022-04-18 21:24:12.572335+02
6|1650316491.644126|2022-04-18 23:14:51.644126+02|16408|test|17|300867759|0|312996487|1176715394|367870166|341451618|64418506|39415854|0|0|1|500760576|0|||0|0|101075121.378|52725673.968|7088782.104|12113|0|0|0|2022-04-18 21:24:12.572335+02
7|1650316492.664519|2022-04-18 23:14:52.664519+02|16408|test|17|300878480|0|313007704|1176823956|367892134|341473246|64429223|39426571|0|0|1|500760576|0|||0|0|101091160.673|52738536.08|7090924.569|12115|0|0|0|2022-04-18 21:24:12.572335+02
8|1650316493.685850|2022-04-18 23:14:53.68585+02|16408|test|17|300886472|0|313016068|1176905055|367908571|341489416|64437211|39434559|0|0|1|500760576|0|||0|0|101107194.06|52752227.491|7092475.606|12117|0|0|0|2022-04-18 21:24:12.572335+02
9|1650316494.708190|2022-04-18 23:14:54.70819+02|16408|test|17|300899493|0|313029551|1177037245|367935218|341515644|64450228|39447576|0|0|1|500760576|0|||0|0|101123293.708|52764596.019|7094986.471|12119|0|0|0|2022-04-18 21:24:12.572335+02
10|1650316495.729425|2022-04-18 23:14:55.729425+02|16408|test|17|300912595|0|313043223|1177169903|367961983|341542034|64463326|39460674|0|0|1|500760576|0|||0|0|101139336.51|52776762.59|7097599.817|12121|0|0|0|2022-04-18 21:24:12.572335+02
11|1650316496.749710|2022-04-18 23:14:56.74971+02|16408|test|17|300923495|0|313054562|1177280681|367984314|341564020|64474222|39471570|0|0|1|500760576|0|||0|0|101155374.338|52789508.409|7099804.048|12123|0|0|0|2022-04-18 21:24:12.572335+02
12|1650316497.771370|2022-04-18 23:14:57.77137+02|16408|test|17|300936620|0|313068335|1177413627|368011132|341590456|64487343|39484691|0|0|1|500760576|0|||0|0|101171411.687|52801783.937|7102278.842|12125|0|0|0|2022-04-18 21:24:12.572335+02
13|1650316498.793602|2022-04-18 23:14:58.793602+02|16408|test|17|300947809|0|313080161|1177526953|368034037|341613020|64498528|39495876|0|0|1|500760576|0|||0|0|101187554.389|52814736.91|7104389.484|12127|0|0|0|2022-04-18 21:24:12.572335+02
14|1650316499.813740|2022-04-18 23:14:59.81374+02|16408|test|17|300956736|0|313089418|1177617429|368052343|341631060|64507451|39504799|0|0|1|500760576|0|||0|0|101204745.168|52829314.231|7106131.145|12129|0|0|0|2022-04-18 21:24:12.572335+02
15|1650316500.833843|2022-04-18 23:15:00.833843+02|16408|test|17|300969731|0|313102904|1177749211|368078888|341657236|64520442|39517790|0|0|1|500760576|0|||0|0|101220781.011|52841716.168|7108544.968|12131|0|0|0|2022-04-18 21:24:12.572335+02
16|1650316501.853893|2022-04-18 23:15:01.853893+02|16408|test|17|300982783|0|313116425|1177881603|368105580|341683526|64533490|39530838|0|0|1|500760576|0|||0|0|101236848.981|52853943.542|7111124.062|12133|0|0|0|2022-04-18 21:24:12.572335+02
17|1650316502.873997|2022-04-18 23:15:02.873997+02|16408|test|17|300993489|0|313127681|1177990214|368127507|341705124|64544192|39541540|0|0|1|500760576|0|||0|0|101253002.706|52866900.288|7113275.645|12135|0|0|0|2022-04-18 21:24:12.572335+02
18|1650316503.894449|2022-04-18 23:15:03.894449+02|16408|test|17|301005924|0|313140580|1178116147|368152935|341730180|64556623|39553971|0|0|1|500760576|0|||0|0|101269095.205|52879453.616|7115634.051|12137|0|0|0|2022-04-18 21:24:12.572335+02
19|1650316504.914194|2022-04-18 23:15:04.914194+02|16408|test|17|301015724|0|313150815|1178215478|368173008|341749966|64566419|39563767|0|0|1|500760576|0|||0|0|101286651.66|52894065.21|7117623.125|12139|0|0|0|2022-04-18 21:24:12.572335+02
20|1650316505.935106|2022-04-18 23:15:05.935106+02|16408|test|17|301026521|0|313161959|1178325164|368195101|341771746|64577212|39574560|0|0|1|500760576|0|||0|0|101302686.313|52906982.12|7119689.865|12141|0|0|0|2022-04-18 21:24:12.572335+02
21|1650316506.955760|2022-04-18 23:15:06.95576+02|16408|test|17|301039171|0|313175147|1178453476|368220981|341797232|64589858|39587206|0|0|1|500760576|0|||0|0|101318718.59|52919306.655|7122181.58|12143|0|0|0|2022-04-18 21:24:12.572335+02
22|1650316507.976169|2022-04-18 23:15:07.976169+02|16408|test|17|301052168|0|313188561|1178585111|368247538|341823412|64602851|39600199|0|0|1|500760576|0|||0|0|101334790.131|52931567.546|7124727.276|12145|0|0|0|2022-04-18 21:24:12.572335+02
23|1650316508.998045|2022-04-18 23:15:08.998045+02|16408|test|17|301062214|0|313199089|1178686941|368268132|341843690|64612893|39610241|0|0|1|500760576|0|||0|0|101350904.943|52944885.098|7126580.601|12147|0|0|0|2022-04-18 21:24:12.572335+02
24|1650316510.019155|2022-04-18 23:15:10.019155+02|16408|test|17|301074837|0|313212283|1178814981|368293959|341869122|64625512|39622860|0|0|1|500760576|0|||0|0|101366946.059|52957321.324|7129006.835|12149|0|0|0|2022-04-18 21:24:12.572335+02
25|1650316511.040791|2022-04-18 23:15:11.040791+02|16408|test|17|301082241|0|313219973|1178890172|368309159|341884116|64632912|39630260|0|0|1|500760576|0|||0|0|101383112.855|52971403.573|7130374.748|12151|0|0|0|2022-04-18 21:24:12.572335+02
26|1650316512.061327|2022-04-18 23:15:12.061327+02|16408|test|17|301094859|0|313233083|1179018160|368334939|341909538|64645526|39642874|0|0|1|500760576|0|||0|0|101399158.549|52983925.869|7132719.967|12153|0|0|0|2022-04-18 21:24:12.572335+02
27|1650316513.082475|2022-04-18 23:15:13.082475+02|16408|test|17|301108121|0|313246920|1179152424|368362049|341936248|64658784|39656132|0|0|1|500760576|0|||0|0|101415197.974|52996181.055|7135241.316|12155|0|0|0|2022-04-18 21:24:12.572335+02
28|1650316514.103052|2022-04-18 23:15:14.103052+02|16408|test|17|301121070|0|313260491|1179283536|368388511|341962332|64671729|39669077|0|0|1|500760576|0|||0|0|101431238.637|53008467.613|7137776.131|12157|0|0|0|2022-04-18 21:24:12.572335+02
29|1650316515.122966|2022-04-18 23:15:15.122966+02|16408|test|17|301131228|0|313271124|1179386557|368409323|341982834|64681883|39679231|0|0|1|500760576|0|||0|0|101447291|53021635.309|7139709.668|12159|0|0|0|2022-04-18 21:24:12.572335+02
30|1650316516.142454|2022-04-18 23:15:16.142454+02|16408|test|17|301143856|0|313284381|1179514367|368435115|342008276|64694507|39691855|0|0|1|500760576|0|||0|0|101463594.569|53034253.519|7142168.878|12161|0|0|0|2022-04-18 21:24:12.572335+02
31|1650316517.162285|2022-04-18 23:15:17.162285+02|16408|test|17|301151243|0|313292106|1179589461|368450295|342023236|64701890|39699238|0|0|1|500760576|0|||0|0|101480118.547|53048672.414|7143582.731|12163|0|0|0|2022-04-18 21:24:12.572335+02
32|1650316518.183783|2022-04-18 23:15:18.183783+02|16408|test|17|301165273|0|313306611|1179731568|368478921|342051482|64715916|39713264|0|0|1|500760576|0|||0|0|101497653.605|53062202.338|7146274.79|12165|0|0|0|2022-04-18 21:24:12.572335+02
33|1650316519.204221|2022-04-18 23:15:19.204221+02|16408|test|17|301179715|0|313321462|1179877983|368508425|342080552|64730354|39727702|0|0|1|500760576|0|||0|0|101515192.697|53075640.158|7149030.761|12167|0|0|0|2022-04-18 21:24:12.572335+02
34|1650316520.224572|2022-04-18 23:15:20.224572+02|16408|test|17|301190495|0|313332699|1179987299|368530487|342102298|64741130|39738478|0|0|1|500760576|0|||0|0|101531247.679|53088608.804|7151097.287|12169|0|0|0|2022-04-18 21:24:12.572335+02
35|1650316521.245069|2022-04-18 23:15:21.245069+02|16408|test|17|301203282|0|313345890|1180117021|368556630|342128058|64753913|39751261|0|0|1|500760576|0|||0|0|101547288.382|53101106.688|7153449.241|12171|0|0|0|2022-04-18 21:24:12.572335+02
36|1650316522.266002|2022-04-18 23:15:22.266002+02|16408|test|17|301211257|0|313354169|1180198143|368573024|342144194|64761884|39759232|0|0|1|500760576|0|||0|0|101563825.234|53115503.312|7154852.003|12173|0|0|0|2022-04-18 21:24:12.572335+02
37|1650316523.286003|2022-04-18 23:15:23.286003+02|16408|test|17|301223192|0|313366707|1180319050|368597405|342168250|64773815|39771163|0|0|1|500760576|0|||0|0|101579869.905|53128248.501|7157015.113|12175|0|0|0|2022-04-18 21:24:12.572335+02
38|1650316524.305858|2022-04-18 23:15:24.305858+02|16408|test|17|301236247|0|313380438|1180451307|368624105|342194546|64786866|39784214|0|0|1|500760576|0|||0|0|101595913.16|53140602.211|7159519.195|12177|0|0|0|2022-04-18 21:24:12.572335+02
39|1650316525.326206|2022-04-18 23:15:25.326206+02|16408|test|17|301249410|0|313394151|1180584477|368650997|342221058|64800025|39797373|0|0|1|500760576|0|||0|0|101611947.855|53152830.065|7162090.553|12179|0|0|0|2022-04-18 21:24:12.572335+02
40|1650316526.346959|2022-04-18 23:15:26.346959+02|16408|test|17|301259933|0|313405116|1180691259|368672553|342242290|64810544|39807892|0|0|1|500760576|0|||0|0|101628144.974|53166168.024|7163976.605|12181|0|0|0|2022-04-18 21:24:12.572335+02
41|1650316527.366990|2022-04-18 23:15:27.36699+02|16408|test|17|301272214|0|313417772|1180815847|368697660|342267038|64822821|39820169|0|0|1|500760576|0|||0|0|101643412.624|53177936.676|7166297.014|12183|0|0|0|2022-04-18 21:24:12.572335+02
42|1650316528.387797|2022-04-18 23:15:28.387797+02|16408|test|17|301280602|0|313426482|1180901039|368714868|342284000|64831205|39828553|0|0|1|500760576|0|||0|0|101660769.9|53192918.127|7167875.24|12185|0|0|0|2022-04-18 21:24:12.572335+02
43|1650316529.409095|2022-04-18 23:15:29.409095+02|16408|test|17|301293580|0|313439918|1181032557|368741393|342310142|64844179|39841527|0|0|1|500760576|0|||0|0|101676805.456|53205297.308|7170310.477|12187|0|0|0|2022-04-18 21:24:12.572335+02
44|1650316530.428921|2022-04-18 23:15:30.428921+02|16408|test|17|301306719|0|313453654|1181165599|368768233|342336606|64857314|39854662|0|0|1|500760576|0|||0|0|101692845|53217519.509|7172890.809|12189|0|0|0|2022-04-18 21:24:12.572335+02
45|1650316531.450528|2022-04-18 23:15:31.450528+02|16408|test|17|301318503|0|313466083|1181285047|368792358|342360360|64869094|39866442|0|0|1|500760576|0|||0|0|101708965.51|53230291.061|7175115.728|12191|0|0|0|2022-04-18 21:24:12.572335+02
46|1650316532.471085|2022-04-18 23:15:32.471085+02|16408|test|17|301332510|0|313480661|1181426825|368820921|342388560|64883097|39880445|0|0|1|500760576|0|||0|0|101728018.361|53245488.581|7177673.629|12193|0|0|0|2022-04-18 21:24:12.572335+02
47|1650316533.491645|2022-04-18 23:15:33.491645+02|16408|test|17|301340395|0|313488824|1181506839|368837119|342404516|64890978|39888326|0|0|1|500760576|0|||0|0|101744293.64|53259532.945|7179119.854|12195|0|0|0|2022-04-18 21:24:12.572335+02
48|1650316534.512601|2022-04-18 23:15:34.512601+02|16408|test|17|301352284|0|313501361|1181627174|368861450|342428480|64902863|39900211|0|0|1|500760576|0|||0|0|101760341.838|53272391.353|7181221.755|12197|0|0|0|2022-04-18 21:24:12.572335+02
49|1650316535.533925|2022-04-18 23:15:35.533925+02|16408|test|17|301365576|0|313515209|1181761782|368888589|342455250|64916151|39913499|0|0|1|500760576|0|||0|0|101776891.907|53285181.206|7183752.934|12199|0|0|0|2022-04-18 21:24:12.572335+02
50|1650316536.554449|2022-04-18 23:15:36.554449+02|16408|test|17|301378866|0|313529004|1181896065|368915689|342482016|64929437|39926785|0|0|1|500760576|0|||0|0|101793440.574|53298038.944|7186223.883|12201|0|0|0|2022-04-18 21:24:12.572335+02
51|1650316537.575188|2022-04-18 23:15:37.575188+02|16408|test|17|301388977|0|313539494|1181998664|368936396|342502424|64939544|39936892|0|0|1|500760576|0|||0|0|101809631.658|53311490.995|7188025.612|12203|0|0|0|2022-04-18 21:24:12.572335+02
52|1650316538.596380|2022-04-18 23:15:38.59638+02|16408|test|17|301402043|0|313553163|1182130894|368963091|342528742|64952606|39949954|0|0|1|500760576|0|||0|0|101825673.326|53323911.302|7190426.896|12205|0|0|0|2022-04-18 21:24:12.572335+02
53|1650316539.615843|2022-04-18 23:15:39.615843+02|16408|test|17|301409645|0|313561095|1182208149|368978707|342544132|64960204|39957552|0|0|1|500760576|0|||0|0|101842976.227|53339075.743|7191845.458|12207|0|0|0|2022-04-18 21:24:12.572335+02
54|1650316540.636776|2022-04-18 23:15:40.636776+02|16408|test|18|301421545|0|313573538|1182328713|369003065|342568118|64972100|39969448|0|0|1|500760576|0|||0|0|101859538.166|53352227.882|7194088.336|12209|0|0|0|2022-04-18 21:24:12.572335+02
55|1650316541.658297|2022-04-18 23:15:41.658297+02|16408|test|18|301432320|0|313584634|1182438060|369025116|342589854|64982871|39980219|0|0|1|500760576|0|||0|0|101875586.323|53364862.363|7196292.017|12211|0|0|0|2022-04-18 21:24:12.572335+02
56|1650316542.679137|2022-04-18 23:15:42.679137+02|16408|test|18|301439516|0|313592065|1182511112|369039884|342604432|64990063|39987411|0|0|1|500760576|0|||0|0|101892014.189|53379203.497|7197673.579|12213|0|0|0|2022-04-18 21:24:12.572335+02
57|1650316543.703192|2022-04-18 23:15:43.703192+02|16408|test|18|301450526|0|313603568|1182622700|369062382|342626638|65001069|39998417|0|0|1|500760576|0|||0|0|101908052.844|53392059.649|7199730.898|12215|0|0|0|2022-04-18 21:24:12.572335+02
58|1650316544.725719|2022-04-18 23:15:44.725719+02|16408|test|17|301457846|0|313636428|1182722678|369078834|342641627|65008381|40005729|0|0|1|500760576|0|||0|0|101925152.157|53407065.042|7201138.904|12217|0|0|0|2022-04-18 21:24:12.572335+02
59|1650316545.746351|2022-04-18 23:15:45.746351+02|16408|test|17|301470861|0|313650046|1182854527|369105432|342667843|65021392|40018740|0|0|1|500760576|0|||0|0|101941188.566|53419487.218|7203562.291|12219|0|0|0|2022-04-18 21:24:12.572335+02
60|1650316546.766403|2022-04-18 23:15:46.766403+02|16408|test|17|301484048|0|313663736|1182988107|369132365|342694403|65034575|40031923|0|0|1|500760576|0|||0|0|101957236.798|53431891.092|7205991.496|12221|0|0|0|2022-04-18 21:24:12.572335+02
61|1650316547.789491|2022-04-18 23:15:47.789491+02|16408|test|17|301495028|0|313675176|1183099269|369154816|342716549|65045551|40042899|0|0|1|500760576|0|||0|0|101973846.081|53445420.172|7208061.17|12223|0|0|0|2022-04-18 21:24:12.572335+02
62|1650316548.812765|2022-04-18 23:15:48.812765+02|16408|test|17|301508275|0|313688934|1183233629|369181904|342743229|65058794|40056142|0|0|1|500760576|0|||0|0|101989909.763|53457956.733|7210390.041|12225|0|0|0|2022-04-18 21:24:12.572335+02
63|1650316549.833572|2022-04-18 23:15:49.833572+02|16408|test|17|301515994|0|313697084|1183311910|369197754|342758853|65066509|40063857|0|0|1|500760576|0|||0|0|102006022.966|53471845.166|7211855.902|12227|0|0|0|2022-04-18 21:24:12.572335+02
64|1650316550.855021|2022-04-18 23:15:50.855021+02|16408|test|17|301528864|0|313710624|1183442331|369224051|342784779|65079375|40076723|0|0|1|500760576|0|||0|0|102022059.68|53484478.951|7214091.538|12229|0|0|0|2022-04-18 21:24:12.572335+02
65|1650316551.876909|2022-04-18 23:15:51.876909+02|16408|test|17|301541832|0|313724085|1183573535|369250522|342810901|65092339|40089687|0|0|1|500760576|0|||0|0|102038162.567|53496917.791|7216547.941|12231|0|0|0|2022-04-18 21:24:12.572335+02
66|1650316552.897672|2022-04-18 23:15:52.897672+02|16408|test|17|301554937|0|313737767|1183706484|369277312|342837297|65105440|40102788|0|0|1|500760576|0|||0|0|102054220.273|53509270.085|7219031.964|12233|0|0|0|2022-04-18 21:24:12.572335+02
67|1650316553.918053|2022-04-18 23:15:53.918053+02|16408|test|17|301565076|0|313748281|1183809387|369298090|342857761|65115575|40112923|0|0|1|500760576|0|||0|0|102070355.778|53522599.133|7220891.822|12235|0|0|0|2022-04-18 21:24:12.572335+02
68|1650316554.938356|2022-04-18 23:15:54.938356+02|16408|test|17|301577961|0|313761672|1183939824|369324409|342883717|65128456|40125804|0|0|1|500760576|0|||0|0|102086390.411|53535036.647|7223281.131|12237|0|0|0|2022-04-18 21:24:12.572335+02
69|1650316555.958782|2022-04-18 23:15:55.958782+02|16408|test|17|301584797|0|313768750|1184009292|369338470|342897575|65135288|40132636|0|0|1|500760576|0|||0|0|102102566.751|53549287.057|7224578.54|12239|0|0|0|2022-04-18 21:24:12.572335+02
70|1650316556.979164|2022-04-18 23:15:56.979164+02|16408|test|17|301597973|0|313782502|1184143077|369365412|342924113|65148460|40145808|0|0|1|500760576|0|||0|0|102118600.394|53561785.685|7226928.803|12241|0|0|0|2022-04-18 21:24:12.572335+02
71|1650316557.999875|2022-04-18 23:15:57.999875+02|16408|test|17|301610626|0|313795661|1184271033|369391260|342949605|65161109|40158457|0|0|1|500760576|0|||0|0|102134633.768|53574258.991|7229300.94|12243|0|0|0|2022-04-18 21:24:12.572335+02
72|1650316559.021208|2022-04-18 23:15:59.021208+02|16408|test|17|301623881|0|313809357|1184405186|369418334|342976301|65174360|40171708|0|0|1|500760576|0|||0|0|102150876.296|53586789.627|7231781.675|12245|0|0|0|2022-04-18 21:24:12.572335+02
73|1650316560.041736|2022-04-18 23:16:00.041736+02|16408|test|17|301634426|0|313820429|1184511981|369439912|342997577|65184901|40182249|0|0|1|500760576|0|||0|0|102166907.797|53600060.228|7233586.883|12247|0|0|0|2022-04-18 21:24:12.572335+02
74|1650316561.062413|2022-04-18 23:16:01.062413+02|16408|test|17|301644647|0|313831081|1184615527|369460823|343018205|65195118|40192466|0|0|1|500760576|0|||0|0|102183440.061|53613777.724|7235473.221|12249|0|0|0|2022-04-18 21:24:12.572335+02
75|1650316562.084948|2022-04-18 23:16:02.084948+02|16408|test|17|301654349|0|313841240|1184713868|369480691|343037795|65204816|40202164|0|0|1|500760576|0|||0|0|102199480.395|53627231.797|7237183.273|12251|0|0|0|2022-04-18 21:24:12.572335+02
76|1650316563.105985|2022-04-18 23:16:03.105985+02|16408|test|17|301667326|0|313854815|1184845221|369507213|343063935|65217789|40215137|0|0|1|500760576|0|||0|0|102215524.787|53639700.477|7239559.83|12253|0|0|0|2022-04-18 21:24:12.572335+02
77|1650316564.126624|2022-04-18 23:16:04.126624+02|16408|test|17|301680062|0|313868103|1184974565|369533256|343089593|65230521|40227869|0|0|1|500760576|0|||0|0|102231557.201|53652102.21|7241980.435|12255|0|0|0|2022-04-18 21:24:12.572335+02
78|1650316565.148353|2022-04-18 23:16:05.148353+02|16408|test|17|301690413|0|313878911|1185079221|369554426|343110481|65240868|40238216|0|0|1|500760576|0|||0|0|102247596.065|53665357.166|7243809.68|12257|0|0|0|2022-04-18 21:24:12.572335+02
79|1650316566.168308|2022-04-18 23:16:06.168308+02|16408|test|17|301703493|0|313892560|1185211631|369581184|343136827|65253944|40251292|0|0|1|500760576|0|||0|0|102263630.977|53677807.561|7246197.702|12259|0|0|0|2022-04-18 21:24:12.572335+02
80|1650316567.189021|2022-04-18 23:16:07.189021+02|16408|test|17|301710453|0|313899863|1185282106|369595492|343150933|65260900|40258248|0|0|1|500760576|0|||0|0|102280050.184|53692257.139|7247519.779|12261|0|0|0|2022-04-18 21:24:12.572335+02
81|1650316568.209960|2022-04-18 23:16:08.20996+02|16408|test|17|301723519|0|313913469|1185414253|369622178|343177251|65273962|40271310|0|0|1|500760576|0|||0|0|102296090.334|53704693.846|7249888.389|12263|0|0|0|2022-04-18 21:24:12.572335+02
82|1650316569.230754|2022-04-18 23:16:09.230754+02|16408|test|17|301736646|0|313927308|1185547024|369648979|343203691|65287085|40284433|0|0|1|500760576|0|||0|0|102312119.888|53717022.256|7252370.807|12265|0|0|0|2022-04-18 21:24:12.572335+02
83|1650316570.250347|2022-04-18 23:16:10.250347+02|16408|test|17|301749766|0|313940975|1185679841|369675765|343230117|65300201|40297549|0|0|1|500760576|0|||0|0|102328164.998|53729393.032|7254834.196|12267|0|0|0|2022-04-18 21:24:12.572335+02
84|1650316571.271036|2022-04-18 23:16:11.271036+02|16408|test|17|301761953|0|313953622|1185803182|369700652|343254677|65312384|40309732|0|0|1|500760576|0|||0|0|102346722.573|53744567.527|7257082.801|12269|0|0|0|2022-04-18 21:24:12.572335+02
85|1650316572.292110|2022-04-18 23:16:12.29211+02|16408|test|17|301772662|0|313964654|1185911832|369722571|343276281|65323089|40320437|0|0|1|500760576|0|||0|0|102360258.695|53755168.617|7259048.335|12271|0|0|0|2022-04-18 21:24:12.572335+02
86|1650316573.312620|2022-04-18 23:16:13.31262+02|16408|test|17|301780218|0|313972567|1185988613|369738107|343291579|65330641|40327989|0|0|1|500760576|0|||0|0|102377294.819|53770078.702|7260457.927|12273|0|0|0|2022-04-18 21:24:12.572335+02
87|1650316574.333180|2022-04-18 23:16:14.33318+02|16408|test|17|301792944|0|313985865|1186117512|369764099|343317217|65343363|40340711|0|0|1|500760576|0|||0|0|102393337.596|53782595.776|7262815.795|12275|0|0|0|2022-04-18 21:24:12.572335+02
88|1650316575.353235|2022-04-18 23:16:15.353235+02|16408|test|17|301807750|0|314001379|1186267325|369794305|343347015|65358165|40355513|0|0|1|500760576|0|||0|0|102412379.985|53797497.538|7265577.545|12277|0|0|0|2022-04-18 21:24:12.572335+02
89|1650316576.373924|2022-04-18 23:16:16.373924+02|16408|test|17|301821973|0|314016177|1186411136|369823320|343375647|65372384|40369732|0|0|1|500760576|0|||0|0|102433056.546|53814283.429|7268167.617|12279|0|0|0|2022-04-18 21:24:12.572335+02
90|1650316577.394432|2022-04-18 23:16:17.394432+02|16408|test|17|301835094|0|314029861|1186544107|369850116|343402075|65385501|40382849|0|0|1|500760576|0|||0|0|102449596.366|53827091.908|7270681.894|12281|0|0|0|2022-04-18 21:24:12.572335+02
91|1650316578.414830|2022-04-18 23:16:18.41483+02|16408|test|17|301842203|0|314037360|1186616011|369864714|343416479|65392606|40389954|0|0|1|500760576|0|||0|0|102465750.369|53841424.759|7271868.325|12283|0|0|0|2022-04-18 21:24:12.572335+02
92|1650316579.435927|2022-04-18 23:16:19.435927+02|16408|test|17|301855081|0|314050795|1186746405|369891017|343442421|65405480|40402828|0|0|1|500760576|0|||0|0|102481787.38|53853794.194|7274332.386|12285|0|0|0|2022-04-18 21:24:12.572335+02
93|1650316580.456778|2022-04-18 23:16:20.456778+02|16408|test|17|301868092|0|314064460|1186877883|369917576|343468629|65418487|40415835|0|0|1|500760576|0|||0|0|102497837.033|53866104.308|7276840.988|12287|0|0|0|2022-04-18 21:24:12.572335+02
94|1650316581.478232|2022-04-18 23:16:21.478232+02|16408|test|17|301880876|0|314077729|1187007255|369943655|343494383|65431267|40428615|0|0|1|500760576|0|||0|0|102513873.279|53878491.5|7279299.283|12289|0|0|0|2022-04-18 21:24:12.572335+02
95|1650316582.497977|2022-04-18 23:16:22.497977+02|16408|test|17|301890723|0|314087847|1187107188|369963814|343514263|65441110|40438458|0|0|1|500760576|0|||0|0|102529991.21|53891758.524|7281212.457|12291|0|0|0|2022-04-18 21:24:12.572335+02
96|1650316583.519243|2022-04-18 23:16:23.519243+02|16408|test|17|301902386|0|314099830|1187225481|369987655|343537775|65452769|40450117|0|0|1|500760576|0|||0|0|102546342.7|53904894.193|7283368.48|12293|0|0|0|2022-04-18 21:24:12.572335+02
97|1650316584.539357|2022-04-18 23:16:24.539357+02|16408|test|17|301910844|0|314108745|1187311165|370005005|343554877|65461223|40458571|0|0|1|500760576|0|||0|0|102562388.281|53918537.452|7284984.827|12295|0|0|0|2022-04-18 21:24:12.572335+02
98|1650316585.559995|2022-04-18 23:16:25.559995+02|16408|test|17|301923872|0|314122342|1187442911|370031583|343581119|65474247|40471595|0|0|1|500760576|0|||0|0|102578420.758|53930979.997|7287377.074|12297|0|0|0|2022-04-18 21:24:12.572335+02
99|1650316586.580659|2022-04-18 23:16:26.580659+02|16408|test|17|301937182|0|314136189|1187577863|370058790|343607925|65487553|40484901|0|0|1|500760576|0|||0|0|102594454.628|53943328.166|7289860.081|12299|0|0|0|2022-04-18 21:24:12.572335+02
100|1650316587.601933|2022-04-18 23:16:27.601933+02|16408|test|17|301947599|0|314147110|1187683510|370080117|343628945|65497966|40495314|0|0|1|500760576|0|||0|0|102610491.819|53956527.658|7291731.835|12301|0|0|0|2022-04-18 21:24:12.572335+02
101|1650316588.623055|2022-04-18 23:16:28.623055+02|16408|test|17|301960707|0|314160778|1187816236|370106894|343655347|65511070|40508418|0|0|1|500760576|0|||0|0|102626535.28|53968991.489|7294139.845|12303|0|0|0|2022-04-18 21:24:12.572335+02
102|1650316589.644581|2022-04-18 23:16:29.644581+02|16408|test|17|301967441|0|314167832|1187884470|370120722|343669001|65517800|40515148|0|0|1|500760576|0|||0|0|102642752.706|53983324.277|7295380.185|12305|0|0|0|2022-04-18 21:24:12.572335+02
103|1650316590.664837|2022-04-18 23:16:30.664837+02|16408|test|17|301980363|0|314181206|1188015590|370147136|343695031|65530718|40528066|0|0|1|500760576|0|||0|0|102658819.468|53995919.23|7297693.844|12307|0|0|0|2022-04-18 21:24:12.572335+02
104|1650316591.686130|2022-04-18 23:16:31.68613+02|16408|test|17|301993357|0|314194799|1188147072|370173675|343721205|65543708|40541056|0|0|1|500760576|0|||0|0|102674851.989|54008365.314|7300081.587|12309|0|0|0|2022-04-18 21:24:12.572335+02
105|1650316592.706226|2022-04-18 23:16:32.706226+02|16408|test|17|302006530|0|314208591|1188280474|370200631|343747737|65556877|40554225|0|0|1|500760576|0|||0|0|102690886.114|54020693.94|7302561.765|12311|0|0|0|2022-04-18 21:24:12.572335+02
106|1650316593.726943|2022-04-18 23:16:33.726943+02|16408|test|17|302016933|0|314219401|1188385815|370221916|343768729|65567276|40564624|0|0|1|500760576|0|||0|0|102706981.383|54033881.65|7304496.951|12313|0|0|0|2022-04-18 21:24:12.572335+02
107|1650316594.748063|2022-04-18 23:16:34.748063+02|16408|test|17|302030040|0|314233234|1188518176|370248685|343795129|65580379|40577727|0|0|1|500760576|0|||0|0|102723025.353|54046316.1|7306901.239|12315|0|0|0|2022-04-18 21:24:12.572335+02
108|1650316595.769862|2022-04-18 23:16:35.769862+02|16408|test|17|302036916|0|314240411|1188587768|370262792|343809067|65587251|40584599|0|0|1|500760576|0|||0|0|102739284.923|54060639.402|7308198.811|12317|0|0|0|2022-04-18 21:24:12.572335+02
109|1650316596.790806|2022-04-18 23:16:36.790806+02|16408|test|17|302049913|0|314253937|1188719182|370289332|343835247|65600244|40597592|0|0|1|500760576|0|||0|0|102755319.985|54073112.779|7310576.746|12319|0|0|0|2022-04-18 21:24:12.572335+02
110|1650316597.810907|2022-04-18 23:16:37.810907+02|16408|test|17|302062920|0|314267549|1188850813|370315873|343861447|65613247|40610595|0|0|1|500760576|0|||0|0|102771359.645|54085494.142|7313022.567|12321|0|0|0|2022-04-18 21:24:12.572335+02
111|1650316598.830859|2022-04-18 23:16:38.830859+02|16408|test|17|302074782|0|314279885|1188970915|370340098|343885357|65625105|40622453|0|0|1|500760576|0|||0|0|102787501.576|54098365.22|7315215.3|12323|0|0|0|2022-04-18 21:24:12.572335+02
112|1650316599.853282|2022-04-18 23:16:39.853282+02|16408|test|18|302086191|0|314291810|1189086423|370363428|343908349|65636511|40633859|0|0|1|500760576|0|||0|0|102803540.648|54111372.326|7317198.861|12324|0|0|0|2022-04-18 21:24:12.572335+02
113|1650316600.863736|2022-04-18 23:16:40.863736+02|16408|test|18|302093946|0|314299940|1189165261|370379366|343924057|65644261|40641609|0|0|1|500760576|0|||0|0|102819690.863|54125218.544|7318721.436|12327|0|0|0|2022-04-18 21:24:12.572335+02
114|1650316601.884048|2022-04-18 23:16:41.884048+02|16408|test|18|302105196|0|314311707|1189281260|370402740|343946743|65655507|40652855|0|0|1|500760576|0|||0|0|102835745.124|54138077.59|7320827.589|12329|0|0|0|2022-04-18 21:24:12.572335+02
115|1650316602.905693|2022-04-18 23:16:42.905693+02|16408|test|17|302115697|0|314347391|1189398234|370426460|343968085|65666000|40663352|0|0|1|500760576|0|||0|0|102851821.712|54150953.201|7322965.981|12331|0|0|0|2022-04-18 21:24:12.572335+02
116|1650316603.925787|2022-04-18 23:16:43.925787+02|16408|test|17|302128509|0|314360738|1189529038|370452930|343994087|65678808|40676160|0|0|1|500760576|0|||0|0|102867867.22|54163544.595|7325266.068|12333|0|0|0|2022-04-18 21:24:12.572335+02
117|1650316604.947438|2022-04-18 23:16:44.947438+02|16408|test|17|302139468|0|314372245|1189639907|370475348|344016191|65689763|40687115|0|0|1|500760576|0|||0|0|102883907.035|54176672.039|7327192.024|12335|0|0|0|2022-04-18 21:24:12.572335+02
118|1650316605.969190|2022-04-18 23:16:45.96919+02|16408|test|17|302151680|0|314384952|1189763530|370500291|344040801|65701971|40699323|0|0|1|500760576|0|||0|0|102901525.419|54190888.561|7329477.872|12337|0|0|0|2022-04-18 21:24:12.572335+02
119|1650316606.989951|2022-04-18 23:16:46.989951+02|16408|test|17|302161610|0|314395431|1189864030|370520620|344060847|65711897|40709249|0|0|1|500760576|0|||0|0|102917556.591|54204291.265|7331205.133|12339|0|0|0|2022-04-18 21:24:12.572335+02
120|1650316608.010973|2022-04-18 23:16:48.010973+02|16408|test|17|302174612|0|314408915|1189995635|370547158|344087037|65724895|40722247|0|0|1|500760576|0|||0|0|102933609.965|54216923.213|7333477.384|12341|0|0|0|2022-04-18 21:24:12.572335+02
121|1650316609.032182|2022-04-18 23:16:49.032182+02|16408|test|17|302185767|0|314420546|1190108608|370569979|344109533|65736046|40733398|0|0|1|500760576|0|||0|0|102949715.492|54229929.515|7335548.113|12343|0|0|0|2022-04-18 21:24:12.572335+02
122|1650316610.052002|2022-04-18 23:16:50.052002+02|16408|test|17|302197404|0|314432618|1190226450|370593764|344132993|65747679|40745031|0|0|1|500760576|0|||0|0|102965748.825|54242842.997|7337595.075|12345|0|0|0|2022-04-18 21:24:12.572335+02
123|1650316611.072256|2022-04-18 23:16:51.072256+02|16408|test|17|302208559|0|314444318|1190339545|370616594|344155489|65758830|40756182|0|0|1|500760576|0|||0|0|102982027.405|54255954.91|7339718.748|12347|0|0|0|2022-04-18 21:24:12.572335+02
124|1650316612.093560|2022-04-18 23:16:52.09356+02|16408|test|17|302221583|0|314457942|1190471273|370643184|344181723|65771850|40769202|0|0|1|500760576|0|||0|0|102998068.579|54268583.503|7341984.821|12349|0|0|0|2022-04-18 21:24:12.572335+02
125|1650316613.113535|2022-04-18 23:16:53.113535+02|16408|test|17|302230944|0|314467594|1190566115|370662338|344200631|65781207|40778559|0|0|1|500760576|0|||0|0|103015728.775|54283567.441|7343784.436|12351|0|0|0|2022-04-18 21:24:12.572335+02
126|1650316614.135247|2022-04-18 23:16:54.135247+02|16408|test|17|302247290|0|314484677|1190731353|370695647|344233509|65797549|40794901|0|0|1|500760576|0|||0|0|103036268.87|54299435.482|7346928.446|12353|0|0|0|2022-04-18 21:24:12.572335+02
127|1650316615.155792|2022-04-18 23:16:55.155792+02|16408|test|17|302258784|0|314496739|1190847909|370719172|344256683|65809039|40806391|0|0|1|500760576|0|||0|0|103052847.2|54312756.703|7349101.664|12355|0|0|0|2022-04-18 21:24:12.572335+02
128|1650316616.177374|2022-04-18 23:16:56.177374+02|16408|test|17|302271986|0|314510455|1190981432|370746138|344283273|65822237|40819589|0|0|1|500760576|0|||0|0|103070422.707|54326594.462|7351599.146|12357|0|0|0|2022-04-18 21:24:12.572335+02
129|1650316617.198403|2022-04-18 23:16:57.198403+02|16408|test|17|302281557|0|314520280|1191078508|370765713|344302601|65831804|40829156|0|0|1|500760576|0|||0|0|103086613.906|54340202.771|7353273.216|12359|0|0|0|2022-04-18 21:24:12.572335+02
130|1650316618.218426|2022-04-18 23:16:58.218426+02|16408|test|17|302290426|0|314529519|1191168545|370783908|344320525|65840669|40838021|0|0|1|500760576|0|||0|0|103102649.183|54353775.569|7354921.002|12361|0|0|0|2022-04-18 21:24:12.572335+02
131|1650316619.238395|2022-04-18 23:16:59.238395+02|16408|test|17|302302028|0|314541630|1191285846|370807620|344343915|65852267|40849619|0|0|1|500760576|0|||0|0|103118696.781|54366682.247|7356992.656|12363|0|0|0|2022-04-18 21:24:12.572335+02
132|1650316620.258240|2022-04-18 23:17:00.25824+02|16408|test|17|302313769|0|314553931|1191404747|370831616|344367583|65864004|40861356|0|0|1|500760576|0|||0|0|103134729.737|54379455.015|7359136.429|12365|0|0|0|2022-04-18 21:24:12.572335+02
133|1650316621.280910|2022-04-18 23:17:01.28091+02|16408|test|17|302325476|0|314566113|1191523163|370855527|344391183|65875707|40873059|0|0|1|500760576|0|||0|0|103150885.252|54392449.357|7361219.407|12367|0|0|0|2022-04-18 21:24:12.572335+02
134|1650316622.302572|2022-04-18 23:17:02.302572+02|16408|test|17|302335144|0|314576183|1191621123|370875319|344410705|65885371|40882723|0|0|1|500760576|0|||0|0|103166921.548|54405945.855|7362860.025|12369|0|0|0|2022-04-18 21:24:12.572335+02
135|1650316623.323150|2022-04-18 23:17:03.32315+02|16408|test|17|302346851|0|314588349|1191739812|370899261|344434305|65897074|40894426|0|0|1|500760576|0|||0|0|103183154.153|54418987.432|7364958.708|12371|0|0|0|2022-04-18 21:24:12.572335+02
136|1650316624.343058|2022-04-18 23:17:04.343058+02|16408|test|17|302352631|0|314594302|1191798436|370911150|344446051|65902850|40900202|0|0|1|500760576|0|||0|0|103199206.661|54433445.581|7366003.526|12373|0|0|0|2022-04-18 21:24:12.572335+02
137|1650316625.363391|2022-04-18 23:17:05.363391+02|16408|test|17|302365073|0|314607180|1191924541|370936574|344471121|65915288|40912640|0|0|1|500760576|0|||0|0|103215253.36|54446073.546|7368265.293|12375|0|0|0|2022-04-18 21:24:12.572335+02
138|1650316626.383368|2022-04-18 23:17:06.383368+02|16408|test|17|302377387|0|314620010|1192049102|370961692|344495935|65927598|40924950|0|0|1|500760576|0|||0|0|103231295.38|54458624.814|7370613.347|12377|0|0|0|2022-04-18 21:24:12.572335+02
139|1650316627.403353|2022-04-18 23:17:07.403353+02|16408|test|17|302390133|0|314633504|1192178012|370987738|344521613|65940340|40937692|0|0|1|500760576|0|||0|0|103247441.925|54471090.322|7373074.509|12379|0|0|0|2022-04-18 21:24:12.572335+02
140|1650316628.424334|2022-04-18 23:17:08.424334+02|16408|test|17|302400193|0|314643962|1192279825|371008317|344541919|65950396|40947748|0|0|1|500760576|0|||0|0|103263495.469|54484308.85|7374958.396|12381|0|0|0|2022-04-18 21:24:12.572335+02
141|1650316629.445009|2022-04-18 23:17:09.445009+02|16408|test|17|302411340|0|314655610|1192392656|371031084|344564399|65961539|40958891|0|0|1|500760576|0|||0|0|103279705.58|54497401.707|7377020.598|12383|0|0|0|2022-04-18 21:24:12.572335+02
142|1650316630.466196|2022-04-18 23:17:10.466196+02|16408|test|17|302420542|0|314665238|1192485803|371049920|344582989|65970737|40968089|0|0|1|500760576|0|||0|0|103295752.364|54510978.492|7378653.087|12385|0|0|0|2022-04-18 21:24:12.572335+02
143|1650316631.486071|2022-04-18 23:17:11.486071+02|16408|test|17|302433640|0|314678860|1192618367|371076654|344609371|65983831|40981183|0|0|1|500760576|0|||0|0|103311806.178|54523393.964|7381084.12|12387|0|0|0|2022-04-18 21:24:12.572335+02
144|1650316632.505799|2022-04-18 23:17:12.505799+02|16408|test|17|302446893|0|314692713|1192752674|371103745|344636063|65997080|40994432|0|0|1|500760576|0|||0|0|103327844.015|54535774.742|7383526.529|12389|0|0|0|2022-04-18 21:24:12.572335+02
145|1650316633.526134|2022-04-18 23:17:13.526134+02|16408|test|17|302457003|0|314703331|1192855280|371124459|344656469|66007186|41004538|0|0|1|500760576|0|||0|0|103343876.767|54548949.817|7385424.556|12391|0|0|0|2022-04-18 21:24:12.572335+02
146|1650316634.547460|2022-04-18 23:17:14.54746+02|16408|test|17|302470111|0|314716915|1192987917|371151222|344682871|66020290|41017642|0|0|1|500760576|0|||0|0|103359918.486|54561301.623|7387879.704|12393|0|0|0|2022-04-18 21:24:12.572335+02
147|1650316635.567855|2022-04-18 23:17:15.567855+02|16408|test|17|302477529|0|314724647|1193063116|371166458|344697893|66027704|41025056|0|0|1|500760576|0|||0|0|103377147.663|54576472.718|7389245.551|12395|0|0|0|2022-04-18 21:24:12.572335+02
148|1650316636.588456|2022-04-18 23:17:16.588456+02|16408|test|17|302489953|0|314737732|1193188907|371191844|344722927|66040124|41037476|0|0|1|500760576|0|||0|0|103393182.796|54589117.88|7391494.526|12397|0|0|0|2022-04-18 21:24:12.572335+02
149|1650316637.609955|2022-04-18 23:17:17.609955+02|16408|test|17|302503082|0|314751378|1193321642|371218610|344749371|66053249|41050601|0|0|1|500760576|0|||0|0|103409225.539|54601554.838|7393911.669|12399|0|0|0|2022-04-18 21:24:12.572335+02
150|1650316638.631042|2022-04-18 23:17:18.631042+02|16408|test|17|302515891|0|314764730|1193450979|371244716|344775175|66066054|41063406|0|0|1|500760576|0|||0|0|103425255.662|54613995.308|7396305.149|12401|0|0|0|2022-04-18 21:24:12.572335+02
151|1650316639.651363|2022-04-18 23:17:19.651363+02|16408|test|17|302525992|0|314775391|1193553147|371265347|344795563|66076151|41073503|0|0|1|500760576|0|||0|0|103441337.095|54627240.71|7398221.191|12403|0|0|0|2022-04-18 21:24:12.572335+02
152|1650316640.672866|2022-04-18 23:17:20.672866+02|16408|test|17|302538599|0|314788517|1193680677|371291103|344820963|66088754|41086106|0|0|1|500760576|0|||0|0|103457389.001|54639674.413|7400631.391|12405|0|0|0|2022-04-18 21:24:12.572335+02
153|1650316641.694288|2022-04-18 23:17:21.694288+02|16408|test|17|302545656|0|314795800|1193752328|371305591|344835263|66095807|41093159|0|0|1|500760576|0|||0|0|103473682.212|54654016.669|7401937.012|12407|0|0|0|2022-04-18 21:24:12.572335+02
154|1650316642.715393|2022-04-18 23:17:22.715393+02|16408|test|17|302558372|0|314809059|1193881126|371331559|344860881|66108519|41105871|0|0|1|500760576|0|||0|0|103489723.154|54666492.648|7404314.857|12409|0|0|0|2022-04-18 21:24:12.572335+02
155|1650316643.736060|2022-04-18 23:17:23.73606+02|16408|test|17|302571489|0|314822753|1194013873|371358313|344887301|66121632|41118984|0|0|1|500760576|0|||0|0|103505768.759|54678929.77|7406719.616|12411|0|0|0|2022-04-18 21:24:12.572335+02
156|1650316644.756256|2022-04-18 23:17:24.756256+02|16408|test|17|302584194|0|314835944|1194142450|371384247|344912897|66134333|41131685|0|0|1|500760576|0|||0|0|103523059.59|54692602.465|7409146.262|12413|0|0|0|2022-04-18 21:24:12.572335+02
157|1650316645.776932|2022-04-18 23:17:25.776932+02|16408|test|17|302595885|0|314848075|1194260818|371408111|344936465|66146020|41143372|0|0|1|500760576|0|||0|0|103539095.302|54705602.712|7411122.955|12415|0|0|0|2022-04-18 21:24:12.572335+02
158|1650316646.798533|2022-04-18 23:17:26.798533+02|16408|test|17|302604962|0|314857527|1194352688|371426714|344954805|66155093|41152445|0|0|1|500760576|0|||0|0|103555240.715|54719176.547|7412833.506|12417|0|0|0|2022-04-18 21:24:12.572335+02
159|1650316647.819480|2022-04-18 23:17:27.81948+02|16408|test|17|302616090|0|314869105|1194465401|371449472|344977247|66166217|41163569|0|0|1|500760576|0|||0|0|103571281.576|54732255.322|7414769.119|12419|0|0|0|2022-04-18 21:24:12.572335+02
160|1650316648.840549|2022-04-18 23:17:28.840549+02|16408|test|17|302631720|0|314885333|1194623400|371481335|345008693|66181843|41179195|0|0|1|500760576|0|||0|0|103590827.905|54747352.476|7417742.673|12421|0|0|0|2022-04-18 21:24:12.572335+02
161|1650316649.861064|2022-04-18 23:17:29.861064+02|16408|test|17|302644826|0|314898941|1194756123|371508088|345035091|66194945|41192297|0|0|1|500760576|0|||0|0|103607363.985|54760189.399|7420238.521|12423|0|0|0|2022-04-18 21:24:12.572335+02
162|1650316650.882164|2022-04-18 23:17:30.882164+02|16408|test|17|302655293|0|314909859|1194862174|371529511|345056211|66205408|41202760|0|0|1|500760576|0|||0|0|103623518.416|54773504.505|7422108.076|12425|0|0|0|2022-04-18 21:24:12.572335+02
163|1650316651.903354|2022-04-18 23:17:31.903354+02|16408|test|17|302667986|0|314923018|1194990608|371555433|345081783|66218097|41215449|0|0|1|500760576|0|||0|0|103639593.945|54786031.728|7424479.834|12427|0|0|0|2022-04-18 21:24:12.572335+02
164|1650316652.923547|2022-04-18 23:17:32.923547+02|16408|test|17|302675016|0|314930284|1195061861|371569855|345096029|66225123|41222475|0|0|1|500760576|0|||0|0|103655820.26|54800268.534|7425809.126|12429|0|0|0|2022-04-18 21:24:12.572335+02
165|1650316653.944523|2022-04-18 23:17:33.944523+02|16408|test|17|302687853|0|314943611|1195191862|371596082|345121889|66237956|41235308|0|0|1|500760576|0|||0|0|103671852.867|54812781.964|7428154.298|12431|0|0|0|2022-04-18 21:24:12.572335+02
166|1650316654.964592|2022-04-18 23:17:34.964592+02|16408|test|17|302700384|0|314956633|1195318682|371621664|345147137|66250483|41247835|0|0|1|500760576|0|||0|0|103687887.376|54825278.847|7430535.238|12433|0|0|0|2022-04-18 21:24:12.572335+02
167|1650316655.985482|2022-04-18 23:17:35.985482+02|16408|test|17|302712618|0|314969421|1195442399|371646650|345171791|66262713|41260065|0|0|1|500760576|0|||0|0|103703959.862|54837911.124|7432852.448|12435|0|0|0|2022-04-18 21:24:12.572335+02
168|1650316657.007379|2022-04-18 23:17:37.007379+02|16408|test|17|302726039|0|314983521|1195578137|371674050|345198819|66276130|41273482|0|0|1|500760576|0|||0|0|103723006.599|54853256.824|7435286.105|12437|0|0|0|2022-04-18 21:24:12.572335+02
169|1650316658.028833|2022-04-18 23:17:38.028833+02|16408|test|17|302735004|0|314992943|1195668643|371692380|345216935|66285091|41282443|0|0|1|500760576|0|||0|0|103739141.316|54866902.589|7436918.033|12439|0|0|0|2022-04-18 21:24:12.572335+02
170|1650316659.049026|2022-04-18 23:17:39.049026+02|16408|test|17|302745826|0|315004244|1195778258|371714479|345238765|66295909|41293261|0|0|1|500760576|0|||0|0|103755213.037|54879951.262|7438932.938|12441|0|0|0|2022-04-18 21:24:12.572335+02
171|1650316660.069847|2022-04-18 23:17:40.069847+02|16408|test|17|302756018|0|315014785|1195881381|371735318|345259323|66306098|41303450|0|0|1|500760576|0|||0|0|103767746.342|54889622.285|7440829.166|12442|0|0|0|2022-04-18 21:24:12.572335+02
172|1650316661.079531|2022-04-18 23:17:41.079531+02|16408|test|17|302771193|0|315030686|1196034672|371767562|345289881|66321266|41318618|0|0|1|500760576|0|||0|0|103787280.296|54904882.476|7443689.648|12445|0|0|0|2022-04-18 21:24:12.572335+02
173|1650316662.100013|2022-04-18 23:17:42.100013+02|16408|test|17|302781287|0|315041198|1196136943|371788227|345310255|66331356|41328708|0|0|1|500760576|0|||0|0|103803425.629|54918401.956|7445404.7|12447|0|0|0|2022-04-18 21:24:12.572335+02
174|1650316663.121315|2022-04-18 23:17:43.121315+02|16408|test|17|302793449|0|315053773|1196260076|371813056|345334765|66343514|41340866|0|0|1|500760576|0|||0|0|103819460.569|54931078.209|7447636.969|12449|0|0|0|2022-04-18 21:24:12.572335+02
175|1650316664.141609|2022-04-18 23:17:44.141609+02|16408|test|17|302800631|0|315061266|1196332860|371827787|345349315|66350692|41348044|0|0|1|500760576|0|||0|0|103835662.965|54945245.003|7448966.278|12451|0|0|0|2022-04-18 21:24:12.572335+02
176|1650316665.161828|2022-04-18 23:17:45.161828+02|16408|test|17|302812363|0|315073584|1196451792|371851773|345372965|66362420|41359772|0|0|1|500760576|0|||0|0|103851705.105|54958161.884|7451036.374|12453|0|0|0|2022-04-18 21:24:12.572335+02
177|1650316666.181405|2022-04-18 23:17:46.181405+02|16408|test|17|302825659|0|315087413|1196585923|371878875|345399743|66375712|41373064|0|0|1|500760576|0|||0|0|103868766.722|54971414.33|7453587.579|12455|0|0|0|2022-04-18 21:24:12.572335+02
178|1650316667.202607|2022-04-18 23:17:47.202607+02|16408|test|17|302838062|0|315100244|1196711520|371904213|345424735|66388111|41385463|0|0|1|500760576|0|||0|0|103884824.053|54983916.823|7455969.854|12457|0|0|0|2022-04-18 21:24:12.572335+02
179|1650316668.222638|2022-04-18 23:17:48.222638+02|16408|test|17|302848402|0|315110908|1196816179|371925323|345445601|66398447|41395799|0|0|1|500760576|0|||0|0|103901643.906|54997945.542|7457793.864|12459|0|0|0|2022-04-18 21:24:12.572335+02
180|1650316669.243238|2022-04-18 23:17:49.243238+02|16408|test|17|302860903|0|315123926|1196942837|371950839|345470789|66410944|41408296|0|0|1|500760576|0|||0|0|103917688.033|55010449.211|7460173.656|12461|0|0|0|2022-04-18 21:24:12.572335+02
181|1650316670.263894|2022-04-18 23:17:50.263894+02|16408|test|17|302867555|0|315130829|1197010174|371964489|345484279|66417592|41414944|0|0|1|500760576|0|||0|0|103933865.782|55024729.27|7461413.635|12463|0|0|0|2022-04-18 21:24:12.572335+02
182|1650316671.284598|2022-04-18 23:17:51.284598+02|16408|test|17|302879914|0|315143697|1197135065|371989690|345509183|66429947|41427299|0|0|1|500760576|0|||0|0|103949918.414|55037321.799|7463706.539|12465|0|0|0|2022-04-18 21:24:12.572335+02
183|1650316672.305567|2022-04-18 23:17:52.305567+02|16408|test|17|302891950|0|315156325|1197256616|372014248|345533441|66441979|41439331|0|0|1|500760576|0|||0|0|103965959.254|55049901.426|7466029.003|12467|0|0|0|2022-04-18 21:24:12.572335+02
184|1650316673.326545|2022-04-18 23:17:53.326545+02|16408|test|17|302904419|0|315169366|1197382858|372039711|345558565|66454444|41451796|0|0|1|500760576|0|||0|0|103982006.939|55062406.627|7468419.119|12469|0|0|0|2022-04-18 21:24:12.572335+02
185|1650316674.347072|2022-04-18 23:17:54.347072+02|16408|test|17|302914271|0|315179723|1197482567|372059871|345578455|66464292|41461644|0|0|1|500760576|0|||0|0|103998112.542|55075766.355|7470239.559|12471|0|0|0|2022-04-18 21:24:12.572335+02
186|1650316675.366585|2022-04-18 23:17:55.366585+02|16408|test|17|302926734|0|315192624|1197608508|372085299|345603567|66476751|41474103|0|0|1|500760576|0|||0|0|104014150.152|55088293.662|7472602.996|12473|0|0|0|2022-04-18 21:24:12.572335+02
187|1650316676.388641|2022-04-18 23:17:56.388641+02|16408|test|17|302933467|0|315199611|1197676760|372099128|345617219|66483480|41480832|0|0|1|500760576|0|||0|0|104030385.271|55102653.35|7473852.608|12475|0|0|0|2022-04-18 21:24:12.572335+02
188|1650316677.408535|2022-04-18 23:17:57.408535+02|16408|test|17|302946518|0|315213296|1197808658|372125770|345643507|66496527|41493879|0|0|1|500760576|0|||0|0|104046935.618|55115630.13|7476215.993|12477|0|0|0|2022-04-18 21:24:12.572335+02
189|1650316678.431087|2022-04-18 23:17:58.431087+02|16408|test|17|302959741|0|315227135|1197942239|372152743|345670139|66509746|41507098|0|0|1|500760576|0|||0|0|104063474.322|55128475.476|7478673.897|12479|0|0|0|2022-04-18 21:24:12.572335+02
190|1650316679.451230|2022-04-18 23:17:59.45123+02|16408|test|17|302971770|0|315239605|1198064023|372177321|345694383|66521771|41519123|0|0|1|500760576|0|||0|0|104078522.783|55140111.482|7480959.089|12481|0|0|0|2022-04-18 21:24:12.572335+02
191|1650316680.471450|2022-04-18 23:18:00.47145+02|16408|test|17|302983662|0|315252022|1198184439|372201623|345718353|66533659|41531011|0|0|1|500760576|0|||0|0|104097223.63|55155447.647|7483210.248|12483|0|0|0|2022-04-18 21:24:12.572335+02
192|1650316681.492294|2022-04-18 23:18:01.492294+02|16408|test|17|302994907|0|315263578|1198298342|372224624|345741029|66544900|41542252|0|0|1|500760576|0|||0|0|104113340.19|55168381.642|7485315.742|12485|0|0|0|2022-04-18 21:24:12.572335+02
193|1650316682.514028|2022-04-18 23:18:02.514028+02|16408|test|17|303003237|0|315272283|1198382823|372241680|345757875|66553226|41550578|0|0|1|500760576|0|||0|0|104130408.164|55183239.769|7486759.266|12487|0|0|0|2022-04-18 21:24:12.572335+02
194|1650316683.534215|2022-04-18 23:18:03.534215+02|16408|test|17|303015730|0|315285053|1198509221|372267160|345783047|66565715|41563067|0|0|1|500760576|0|||0|0|104146949.661|55196350.237|7489019.363|12489|0|0|0|2022-04-18 21:24:12.572335+02
195|1650316684.554895|2022-04-18 23:18:04.554895+02|16408|test|17|303028133|0|315297912|1198634726|372292465|345808039|66578114|41575466|0|0|1|500760576|0|||0|0|104162984.566|55208944.293|7491290.246|12491|0|0|0|2022-04-18 21:24:12.572335+02
196|1650316685.575706|2022-04-18 23:18:05.575706+02|16408|test|17|303039367|0|315309547|1198748531|372315420|345830693|66589344|41586696|0|0|1|500760576|0|||0|0|104179034.702|55221897.197|7493340.026|12493|0|0|0|2022-04-18 21:24:12.572335+02
197|1650316686.596360|2022-04-18 23:18:06.59636+02|16408|test|17|303050560|0|315321225|1198861760|372338290|345853265|66600533|41597885|0|0|1|500760576|0|||0|0|104195071.064|55234926.714|7495314.775|12495|0|0|0|2022-04-18 21:24:12.572335+02
198|1650316687.616086|2022-04-18 23:18:07.616086+02|16408|test|17|303060751|0|315331882|1198964964|372359129|345873833|66610720|41608072|0|0|1|500760576|0|||0|0|104211276.043|55248329.659|7497152.468|12497|0|0|0|2022-04-18 21:24:12.572335+02
199|1650316688.636049|2022-04-18 23:18:08.636049+02|16408|test|17|303070150|0|315341661|1199060260|372378379|345892817|66620115|41617467|0|0|1|500760576|0|||0|0|104227309.818|55261709.136|7498911.524|12499|0|0|0|2022-04-18 21:24:12.572335+02
200|1650316689.656334|2022-04-18 23:18:09.656334+02|16408|test|17|303083050|0|315355101|1199190750|372404692|345918803|66633011|41630363|0|0|1|500760576|0|||0|0|104243353.896|55274186.564|7501292.415|12501|0|0|0|2022-04-18 21:24:12.572335+02
201|1650316690.676448|2022-04-18 23:18:10.676448+02|16408|test|17|303095922|0|315368351|1199321263|372430974|345944733|66645879|41643231|0|0|1|500760576|0|||0|0|104259391.868|55286621.035|7503685.075|12503|0|0|0|2022-04-18 21:24:12.572335+02
202|1650316691.696874|2022-04-18 23:18:11.696874+02|16408|test|17|303106737|0|315379773|1199430496|372453054|345966549|66656690|41654042|0|0|1|500760576|0|||0|0|104275507.931|55299568.674|7505786.974|12505|0|0|0|2022-04-18 21:24:12.572335+02
203|1650316692.717689|2022-04-18 23:18:12.717689+02|16408|test|17|303119116|0|315392650|1199555703|372478348|345991493|66669065|41666417|0|0|1|500760576|0|||0|0|104291549.264|55312193.872|7508042.801|12507|0|0|0|2022-04-18 21:24:12.572335+02
204|1650316693.737856|2022-04-18 23:18:13.737856+02|16408|test|17|303125840|0|315399737|1199623924|372492169|346005127|66675785|41673137|0|0|1|500760576|0|||0|0|104307719.092|55326509.804|7509275.751|12509|0|0|0|2022-04-18 21:24:12.572335+02
205|1650316694.758684|2022-04-18 23:18:14.758684+02|16408|test|17|303139424|0|315413805|1199761266|372519859|346032481|66689365|41686717|0|0|1|500760576|0|||0|0|104324263.731|55339318.647|7511741.65|12511|0|0|0|2022-04-18 21:24:12.572335+02
206|1650316695.778952|2022-04-18 23:18:15.778952+02|16408|test|17|303154127|0|315429008|1199909986|372549836|346062073|66704064|41701416|0|0|1|500760576|0|||0|0|104342301.924|55353295.912|7514457.551|12513|0|0|0|2022-04-18 21:24:12.572335+02
207|1650316696.799593|2022-04-18 23:18:16.799593+02|16408|test|17|303167675|0|315443152|1200046976|372577458|346089355|66717608|41714960|0|0|1|500760576|0|||0|0|104359901.001|55367133.659|7516968.665|12515|0|0|0|2022-04-18 21:24:12.572335+02
208|1650316697.819546|2022-04-18 23:18:17.819546+02|16408|test|17|303178650|0|315454607|1200157939|372599871|346111491|66728579|41725931|0|0|1|500760576|0|||0|0|104375976.343|55380139.343|7519011.482|12517|0|0|0|2022-04-18 21:24:12.572335+02
209|1650316698.839702|2022-04-18 23:18:18.839702+02|16408|test|17|303189441|0|315465837|1200267203|372621919|346133259|66739366|41736718|0|0|1|500760576|0|||0|0|104392068.584|55393170.072|7521062.583|12519|0|0|0|2022-04-18 21:24:12.572335+02
210|1650316699.859659|2022-04-18 23:18:19.859659+02|16408|test|17|303198658|0|315475344|1200360506|372640789|346151879|66748579|41745931|0|0|1|500760576|0|||0|0|104408153.308|55406694.739|7522774.358|12521|0|0|0|2022-04-18 21:24:12.572335+02
211|1650316700.879669|2022-04-18 23:18:20.879669+02|16408|test|17|303211581|0|315488748|1200491214|372667140|346177911|66761498|41758850|0|0|1|500760576|0|||0|0|104424186.241|55419041.062|7525263.683|12523|0|0|0|2022-04-18 21:24:12.572335+02
212|1650316701.900604|2022-04-18 23:18:21.900604+02|16408|test|17|303224563|0|315502299|1200622575|372693615|346204061|66774476|41771828|0|0|1|500760576|0|||0|0|104440233.023|55431369.134|7527730.543|12525|0|0|0|2022-04-18 21:24:12.572335+02
213|1650316702.920429|2022-04-18 23:18:22.920429+02|16408|test|17|303234619|0|315512711|1200724370|372714194|346224359|66784528|41781880|0|0|1|500760576|0|||0|0|104456665.536|55444987.375|7529603.445|12527|0|0|0|2022-04-18 21:24:12.572335+02
214|1650316703.941910|2022-04-18 23:18:23.94191+02|16408|test|17|303247798|0|315526414|1200857498|372741060|346250903|66797703|41795055|0|0|1|500760576|0|||0|0|104472703.193|55457488.025|7531947.346|12529|0|0|0|2022-04-18 21:24:12.572335+02
215|1650316704.962778|2022-04-18 23:18:24.962778+02|16408|test|17|303255246|0|315534303|1200932972|372756338|346265985|66805147|41802499|0|0|1|500760576|0|||0|0|104489106.853|55471909.614|7533241.702|12531|0|0|0|2022-04-18 21:24:12.572335+02
216|1650316705.983083|2022-04-18 23:18:25.983083+02|16408|test|17|303267605|0|315547074|1201057833|372781551|346290889|66817502|41814854|0|0|1|500760576|0|||0|0|104505140.838|55484544.713|7535502.119|12533|0|0|0|2022-04-18 21:24:12.572335+02
217|1650316707.004893|2022-04-18 23:18:27.004893+02|16408|test|17|303280409|0|315560433|1201187304|372807682|346316683|66830302|41827654|0|0|1|500760576|0|||0|0|104521180.837|55497044.398|7537868.076|12535|0|0|0|2022-04-18 21:24:12.572335+02
218|1650316708.025206|2022-04-18 23:18:28.025206+02|16408|test|17|303293195|0|315573787|1201316582|372833769|346342441|66843084|41840436|0|0|1|500760576|0|||0|0|104537227.805|55509358.089|7540404.213|12537|0|0|0|2022-04-18 21:24:12.572335+02
219|1650316709.045814|2022-04-18 23:18:29.045814+02|16408|test|17|303303482|0|315584389|1201420732|372854762|346363201|66853367|41850719|0|0|1|500760576|0|||0|0|104553379.922|55522680.261|7542276.412|12539|0|0|0|2022-04-18 21:24:12.572335+02
220|1650316710.066794|2022-04-18 23:18:30.066794+02|16408|test|17|303316455|0|315597905|1201551835|372881220|346389333|66866336|41863688|0|0|1|500760576|0|||0|0|104569412.242|55535134.89|7544661.716|12541|0|0|0|2022-04-18 21:24:12.572335+02
221|1650316711.086839|2022-04-18 23:18:31.086839+02|16408|test|17|303323479|0|315605201|1201623054|372895633|346403567|66873356|41870708|0|0|1|500760576|0|||0|0|104585568.569|55549349.987|7545950.143|12543|0|0|0|2022-04-18 21:24:12.572335+02
222|1650316712.106974|2022-04-18 23:18:32.106974+02|16408|test|17|303336127|0|315618408|1201751107|372921464|346429049|66886000|41883352|0|0|1|500760576|0|||0|0|104601605.991|55561889.857|7548279.659|12545|0|0|0|2022-04-18 21:24:12.572335+02
223|1650316713.128195|2022-04-18 23:18:33.128195+02|16408|test|17|303349268|0|315632101|1201883873|372948253|346455517|66899137|41896489|0|0|1|500760576|0|||0|0|104618141.431|55574747.079|7550740.84|12547|0|0|0|2022-04-18 21:24:12.572335+02
224|1650316714.149556|2022-04-18 23:18:34.149556+02|16408|test|17|303363454|0|315646867|1202027274|372977184|346484075|66913319|41910671|0|0|1|500760576|0|||0|0|104637786.173|55590385.005|7553421.802|12549|0|0|0|2022-04-18 21:24:12.572335+02
225|1650316715.170457|2022-04-18 23:18:35.170457+02|16408|test|17|303375246|0|315659242|1202146404|373001246|346507845|66925107|41922459|0|0|1|500760576|0|||0|0|104653831.894|55603301.002|7555485.515|12551|0|0|0|2022-04-18 21:24:12.572335+02
226|1650316716.190736|2022-04-18 23:18:36.190736+02|16408|test|17|303384386|0|315668771|1202238867|373019969|346526311|66934243|41931595|0|0|1|500760576|0|||0|0|104669958.497|55616863.581|7557175.765|12553|0|0|0|2022-04-18 21:24:12.572335+02
227|1650316717.211409|2022-04-18 23:18:37.211409+02|16408|test|17|303395600|0|315680433|1202352420|373042875|346548925|66945453|41942805|0|0|1|500760576|0|||0|0|104686001.259|55629934.922|7559143.37|12555|0|0|0|2022-04-18 21:24:12.572335+02
228|1650316718.231780|2022-04-18 23:18:38.23178+02|16408|test|17|303408724|0|315694132|1202485071|373069629|346575359|66958573|41955925|0|0|1|500760576|0|||0|0|104702042.998|55642287.554|7561612.906|12557|0|0|0|2022-04-18 21:24:12.572335+02
229|1650316719.252099|2022-04-18 23:18:39.252099+02|16408|test|17|303421785|0|315707621|1202617131|373096272|346601667|66971630|41968982|0|0|1|500760576|0|||0|0|104718085.208|55654648.926|7564041.994|12559|0|0|0|2022-04-18 21:24:12.572335+02
230|1650316720.272524|2022-04-18 23:18:40.272524+02|16408|test|17|303428804|0|315714872|1202688267|373110651|346615879|66978646|41975998|0|0|1|500760576|0|||0|0|104729696.418|55664382.011|7565248.999|12560|0|0|0|2022-04-18 21:24:12.572335+02
231|1650316721.282808|2022-04-18 23:18:41.282808+02|16408|test|17|303444417|0|315731100|1202846019|373143720|346647313|66994252|41991604|0|0|1|500760576|0|||0|0|104750229.436|55680620.31|7568092.763|12563|0|0|0|2022-04-18 21:24:12.572335+02
232|1650316722.303554|2022-04-18 23:18:42.303554+02|16408|test|17|303451417|0|315738434|1202916986|373158083|346661499|67001248|41998600|0|0|1|500760576|0|||0|0|104766672.334|55695232.524|7569305.011|12565|0|0|0|2022-04-18 21:24:12.572335+02
233|1650316723.323258|2022-04-18 23:18:43.323258+02|16408|test|17|303464031|0|315751609|1203044367|373183813|346686913|67013858|42011210|0|0|1|500760576|0|||0|0|104782708.666|55707878.385|7571567.312|12567|0|0|0|2022-04-18 21:24:12.572335+02
234|1650316724.343644|2022-04-18 23:18:44.343644+02|16408|test|17|303476928|0|315765040|1203174647|373210100|346712893|67026751|42024103|0|0|1|500760576|0|||0|0|104798745.838|55720274.348|7574024.777|12569|0|0|0|2022-04-18 21:24:12.572335+02
235|1650316725.364888|2022-04-18 23:18:45.364888+02|16408|test|17|303489887|0|315778612|1203305446|373236512|346738997|67039706|42037058|0|0|1|500760576|0|||0|0|104814780.976|55732684.536|7576434.196|12571|0|0|0|2022-04-18 21:24:12.572335+02
236|1650316726.385223|2022-04-18 23:18:46.385223+02|16408|test|17|303500118|0|315789255|1203409129|373257449|346759645|67049933|42047285|0|0|1|500760576|0|||0|0|104830842.09|55745873.279|7578353.51|12573|0|0|0|2022-04-18 21:24:12.572335+02
237|1650316727.406327|2022-04-18 23:18:47.406327+02|16408|test|17|303512348|0|315801936|1203532692|373282385|346784291|67062159|42059511|0|0|1|500760576|0|||0|0|104846462.2|55758037.805|7580654.809|12575|0|0|0|2022-04-18 21:24:12.572335+02
238|1650316728.426734|2022-04-18 23:18:48.426734+02|16408|test|17|303519754|0|315809666|1203607797|373297580|346799289|67069561|42066913|0|0|1|500760576|0|||0|0|104863524.623|55773037.329|7582035.669|12577|0|0|0|2022-04-18 21:24:12.572335+02
239|1650316729.447490|2022-04-18 23:18:49.44749+02|16408|test|17|303532457|0|315822792|1203736287|373323483|346824881|67082260|42079612|0|0|1|500760576|0|||0|0|104879576.118|55785590.276|7584363.414|12579|0|0|0|2022-04-18 21:24:12.572335+02
240|1650316730.466544|2022-04-18 23:18:50.466544+02|16408|test|17|303544862|0|315835662|1203861478|373348779|346849877|67094661|42092013|0|0|1|500760576|0|||0|0|104895640.921|55798184.494|7586671.799|12581|0|0|0|2022-04-18 21:24:12.572335+02
241|1650316731.487807|2022-04-18 23:18:51.487807+02|16408|test|17|303558612|0|315849909|1204000573|373376807|346877563|67108407|42105759|0|0|1|500760576|0|||0|0|104915346.934|55814100.062|7589174.795|12583|0|0|0|2022-04-18 21:24:12.572335+02
242|1650316732.508364|2022-04-18 23:18:52.508364+02|16408|test|17|303570036|0|315861853|1204116168|373400123|346900597|67119827|42117179|0|0|1|500760576|0|||0|0|104931386.442|55827084.843|7591182.316|12585|0|0|0|2022-04-18 21:24:12.572335+02
243|1650316733.529822|2022-04-18 23:18:53.529822+02|16408|test|17|303578766|0|315870890|1204204423|373417957|346918243|67128553|42125905|0|0|1|500760576|0|||0|0|104943966.224|55837271.461|7592752.548|12587|0|0|0|2022-04-18 21:24:12.572335+02
244|1650316734.549751|2022-04-18 23:18:54.549751+02|16408|test|17|303587476|0|315879933|1204292618|373435791|346935849|67137259|42134611|0|0|1|500760576|0|||0|0|104963008.37|55853931.59|7594338.205|12589|0|0|0|2022-04-18 21:24:12.572335+02
245|1650316735.570622|2022-04-18 23:18:55.570622+02|16408|test|17|303599668|0|315892621|1204415990|373460704|346960419|67149447|42146799|0|0|1|500760576|0|||0|0|104979082.535|55866613.905|7596603.385|12591|0|0|0|2022-04-18 21:24:12.572335+02
246|1650316736.591262|2022-04-18 23:18:56.591262+02|16408|test|17|303613420|0|315906746|1204555265|373488754|346988109|67163195|42160547|0|0|1|500760576|0|||0|0|104996126.6|55879856.18|7599158.797|12593|0|0|0|2022-04-18 21:24:12.572335+02
247|1650316737.612039|2022-04-18 23:18:57.612039+02|16408|test|17|303624708|0|315918507|1204669206|373511778|347010871|67174479|42171831|0|0|1|500760576|0|||0|0|105012195.196|55892785.529|7601238.287|12595|0|0|0|2022-04-18 21:24:12.572335+02
248|1650316738.632936|2022-04-18 23:18:58.632936+02|16408|test|17|303636356|0|315930626|1204787168|373535568|347034353|67186123|42183475|0|0|1|500760576|0|||0|0|105028228.993|55905633.134|7603349.715|12597|0|0|0|2022-04-18 21:24:12.572335+02
249|1650316739.653416|2022-04-18 23:18:59.653416+02|16408|test|17|303645399|0|315940081|1204878361|373554051|347052625|67195162|42192514|0|0|1|500760576|0|||0|0|105044343.966|55919147.014|7605050.203|12599|0|0|0|2022-04-18 21:24:12.572335+02
250|1650316740.673551|2022-04-18 23:19:00.673551+02|16408|test|17|303656408|0|315951476|1204989794|373576520|347074829|67206167|42203519|0|0|1|500760576|0|||0|0|105060412.415|55932296.83|7606968.424|12601|0|0|0|2022-04-18 21:24:12.572335+02
251|1650316741.694398|2022-04-18 23:19:01.694398+02|16408|test|17|303669122|0|315964616|1205118302|373602423|347100443|67218877|42216229|0|0|1|500760576|0|||0|0|105076461.83|55944761.252|7609350.131|12603|0|0|0|2022-04-18 21:24:12.572335+02
252|1650316742.715268|2022-04-18 23:19:02.715268+02|16408|test|17|303682071|0|315978166|1205249256|373628863|347126527|67231822|42229174|0|0|1|500760576|0|||0|0|105092505.878|55957343.896|7611632.561|12605|0|0|0|2022-04-18 21:24:12.572335+02
253|1650316743.736198|2022-04-18 23:19:03.736198+02|16408|test|17|303692178|0|315988797|1205351447|373649527|347146927|67241925|42239277|0|0|1|500760576|0|||0|0|105108582.863|55970560.626|7613548.322|12607|0|0|0|2022-04-18 21:24:12.572335+02
254|1650316744.756305|2022-04-18 23:19:04.756305+02|16408|test|17|303707699|0|316005016|1205508137|373681148|347178155|67257442|42254794|0|0|1|500760576|0|||0|0|105128127.82|55985796.793|7616413.18|12609|0|0|0|2022-04-18 21:24:12.572335+02
255|1650316745.776229|2022-04-18 23:19:05.776229+02|16408|test|17|303714849|0|316012470|1205580571|373695819|347192641|67264588|42261940|0|0|1|500760576|0|||0|0|105144510.228|56000294.071|7617653.36|12611|0|0|0|2022-04-18 21:24:12.572335+02
256|1650316746.796948|2022-04-18 23:19:06.796948+02|16408|test|17|303727713|0|316025880|1205710580|373722043|347218555|67277448|42274800|0|0|1|500760576|0|||0|0|105160547.396|56012753.021|7620030.437|12613|0|0|0|2022-04-18 21:24:12.572335+02
257|1650316747.817804|2022-04-18 23:19:07.817804+02|16408|test|17|303740508|0|316039234|1205840036|373748167|347244331|67290239|42287591|0|0|1|500760576|0|||0|0|105176597.167|56025122.171|7622505.243|12615|0|0|0|2022-04-18 21:24:12.572335+02
258|1650316748.837791|2022-04-18 23:19:08.837791+02|16408|test|17|303750842|0|316049988|1205944565|373769286|347265185|67300569|42297921|0|0|1|500760576|0|||0|0|105189683.771|56035218.498|7624520.041|12617|0|0|0|2022-04-18 21:24:12.572335+02
259|1650316749.858780|2022-04-18 23:19:09.85878+02|16408|test|17|303763995|0|316063703|1206077473|373796071|347291677|67313718|42311070|0|0|1|500760576|0|||0|0|105208977.541|56050848.831|7626987.445|12619|0|0|0|2022-04-18 21:24:12.572335+02
260|1650316750.879089|2022-04-18 23:19:10.879089+02|16408|test|17|303774759|0|316074962|1206186071|373818040|347313391|67324478|42321830|0|0|1|500760576|0|||0|0|105225079.583|56063940.675|7628985.084|12621|0|0|0|2022-04-18 21:24:12.572335+02
261|1650316751.898477|2022-04-18 23:19:11.898477+02|16408|test|17|303783493|0|316084133|1206274441|373835922|347331045|67333208|42330560|0|0|1|500760576|0|||0|0|105241185.571|56077628.15|7630607.026|12623|0|0|0|2022-04-18 21:24:12.572335+02
262|1650316752.918898|2022-04-18 23:19:12.918898+02|16408|test|17|303796409|0|316097625|1206404930|373862251|347357063|67346120|42343472|0|0|1|500760576|0|||0|0|105257223.147|56090075.145|7633000.99|12625|0|0|0|2022-04-18 21:24:12.572335+02
263|1650316753.939769|2022-04-18 23:19:13.939769+02|16408|test|17|303809244|0|316111027|1206535000|373888454|347382919|67358951|42356303|0|0|1|500760576|0|||0|0|105273281.224|56102522.419|7635421.019|12627|0|0|0|2022-04-18 21:24:12.572335+02
264|1650316754.960358|2022-04-18 23:19:14.960358+02|16408|test|17|303819801|0|316122099|1206641709|373910044|347404219|67369504|42366856|0|0|1|500760576|0|||0|0|105289338.537|56115574.708|7637419.998|12629|0|0|0|2022-04-18 21:24:12.572335+02
265|1650316755.980947|2022-04-18 23:19:15.980947+02|16408|test|17|303832550|0|316135399|1206770329|373936045|347429903|67382249|42379601|0|0|1|500760576|0|||0|0|105305370.759|56128121.558|7639741.498|12631|0|0|0|2022-04-18 21:24:12.572335+02
266|1650316757.001445|2022-04-18 23:19:17.001445+02|16408|test|17|303840357|0|316143439|1206849373|373952040|347445703|67390052|42387404|0|0|1|500760576|0|||0|0|105321597.115|56142256.929|7641093.163|12633|0|0|0|2022-04-18 21:24:12.572335+02
267|1650316758.021753|2022-04-18 23:19:18.021753+02|16408|test|17|303852345|0|316155826|1206970515|373976473|347469865|67402036|42399388|0|0|1|500760576|0|||0|0|105337642.36|56155264.789|7643086.979|12635|0|0|0|2022-04-18 21:24:12.572335+02
268|1650316759.043321|2022-04-18 23:19:19.043321+02|16408|test|17|303865347|0|316169439|1207101879|374002974|347496055|67415034|42412386|0|0|1|500760576|0|||0|0|105353696.279|56167598.177|7645576.293|12637|0|0|0|2022-04-18 21:24:12.572335+02
269|1650316760.063939|2022-04-18 23:19:20.063939+02|16408|test|17|303878836|0|316183500|1207238055|374030431|347523219|67428519|42425871|0|0|1|500760576|0|||0|0|105370234.656|56180460.157|7648032.673|12639|0|0|0|2022-04-18 21:24:12.572335+02
270|1650316761.084666|2022-04-18 23:19:21.084666+02|16408|test|17|303889361|0|316194544|1207344298|374051915|347544455|67439040|42436392|0|0|1|500760576|0|||0|0|105386836.991|56194073.576|7649997.892|12641|0|0|0|2022-04-18 21:24:12.572335+02
271|1650316762.104846|2022-04-18 23:19:22.104846+02|16408|test|17|303901889|0|316207566|1207470990|374077464|347569697|67451564|42448916|0|0|1|500760576|0|||0|0|105402915.548|56206676.378|7652318.281|12643|0|0|0|2022-04-18 21:24:12.572335+02
272|1650316763.127077|2022-04-18 23:19:23.127077+02|16408|test|17|303911534|0|316217556|1207568416|374097180|347589173|67461205|42458557|0|0|1|500760576|0|||0|0|105421573.632|56222545.654|7654181.231|12645|0|0|0|2022-04-18 21:24:12.572335+02
273|1650316764.148925|2022-04-18 23:19:24.148925+02|16408|test|17|303924448|0|316231100|1207698772|374123502|347615187|67474115|42471467|0|0|1|500760576|0|||0|0|105437627.342|56235032.554|7656582.965|12647|0|0|0|2022-04-18 21:24:12.572335+02
274|1650316765.169436|2022-04-18 23:19:25.169436+02|16408|test|17|303937121|0|316244286|1207826744|374149315|347640719|67486784|42484136|0|0|1|500760576|0|||0|0|105454171.849|56248014.252|7658984.341|12649|0|0|0|2022-04-18 21:24:12.572335+02
275|1650316766.190460|2022-04-18 23:19:26.19046+02|16408|test|17|303948654|0|316256378|1207943329|374172874|347663971|67498313|42495665|0|0|1|500760576|0|||0|0|105470740.228|56261375.978|7661118.121|12651|0|0|0|2022-04-18 21:24:12.572335+02
276|1650316767.210851|2022-04-18 23:19:27.210851+02|16408|test|17|303959754|0|316267983|1208055551|374195558|347686357|67509409|42506761|0|0|1|500760576|0|||0|0|105486780.578|56274451.497|7663065.438|12653|0|0|0|2022-04-18 21:24:12.572335+02
277|1650316768.231519|2022-04-18 23:19:28.231519+02|16408|test|17|303969910|0|316278516|1208158370|374216322|347706855|67519561|42516913|0|0|1|500760576|0|||0|0|105503267.048|56288163.014|7664910.331|12655|0|0|0|2022-04-18 21:24:12.572335+02
278|1650316769.255011|2022-04-18 23:19:29.255011+02|16408|test|17|303979995|0|316289003|1208260507|374236945|347727211|67529642|42526994|0|0|1|500760576|0|||0|0|105519318.036|56301482.297|7666719.59|12657|0|0|0|2022-04-18 21:24:12.572335+02
279|1650316770.276011|2022-04-18 23:19:30.276011+02|16408|test|17|303992967|0|316302319|1208391651|374263383|347753341|67542610|42539962|0|0|1|500760576|0|||0|0|105535357.343|56313908.297|7669145.772|12659|0|0|0|2022-04-18 21:24:12.572335+02
280|1650316771.296099|2022-04-18 23:19:31.296099+02|16408|test|17|304005832|0|316315734|1208521749|374289626|347779257|67555471|42552823|0|0|1|500760576|0|||0|0|105551394.72|56326327.952|7671545.749|12661|0|0|0|2022-04-18 21:24:12.572335+02
281|1650316772.317773|2022-04-18 23:19:32.317773+02|16408|test|17|304015742|0|316326155|1208621797|374309870|347799263|67565377|42562729|0|0|1|500760576|0|||0|0|105567474.395|56339679.377|7673353.03|12663|0|0|0|2022-04-18 21:24:12.572335+02
282|1650316773.339185|2022-04-18 23:19:33.339185+02|16408|test|17|304028708|0|316339771|1208752615|374336313|347825381|67578339|42575691|0|0|1|500760576|0|||0|0|105583515.561|56352159.078|7675713.317|12665|0|0|0|2022-04-18 21:24:12.572335+02
283|1650316774.359584|2022-04-18 23:19:34.359584+02|16408|test|17|304036072|0|316347411|1208827119|374351411|347840295|67585699|42583051|0|0|1|500760576|0|||0|0|105599868.634|56366399.538|7677106.044|12667|0|0|0|2022-04-18 21:24:12.572335+02
284|1650316775.380140|2022-04-18 23:19:35.38014+02|16408|test|17|304048458|0|316360270|1208952320|374376651|347865253|67598081|42595433|0|0|1|500760576|0|||0|0|105615906.792|56379089.982|7679315.741|12669|0|0|0|2022-04-18 21:24:12.572335+02
285|1650316776.400277|2022-04-18 23:19:36.400277+02|16408|test|17|304061388|0|316373762|1209082933|374403002|347891299|67611007|42608359|0|0|1|500760576|0|||0|0|105631943.945|56391535.322|7681724.746|12671|0|0|0|2022-04-18 21:24:12.572335+02
286|1650316777.420819|2022-04-18 23:19:37.420819+02|16408|test|17|304074481|0|316387348|1209214933|374429667|347917671|67624096|42621448|0|0|1|500760576|0|||0|0|105647978.141|56403905.228|7684172.413|12673|0|0|0|2022-04-18 21:24:12.572335+02
287|1650316778.442350|2022-04-18 23:19:38.44235+02|16408|test|17|304084915|0|316398245|1209320476|374450984|347938725|67634526|42631878|0|0|1|500760576|0|||0|0|105664549.209|56417512.075|7686154.597|12675|0|0|0|2022-04-18 21:24:12.572335+02
288|1650316779.462868|2022-04-18 23:19:39.462868+02|16408|test|17|304098724|0|316412587|1209460143|374479136|347966529|67648331|42645683|0|0|1|500760576|0|||0|0|105682096.137|56431278.645|7688669.685|12677|0|0|0|2022-04-18 21:24:12.572335+02
289|1650316780.483189|2022-04-18 23:19:40.483189+02|16408|test|18|304103691|0|316417688|1209510547|374489372|347976649|67653294|42650646|0|0|1|500760576|0|||0|0|105700664.371|56448388.975|7689582.672|12679|0|0|0|2022-04-18 21:24:12.572335+02
290|1650316781.503360|2022-04-18 23:19:41.50336+02|16408|test|18|304109000|0|316423260|1209565056|374500411|347987453|67658599|42655951|0|0|1|500760576|0|||0|0|105716737.8|56462917.412|7690530.144|12681|0|0|0|2022-04-18 21:24:12.572335+02
291|1650316782.525164|2022-04-18 23:19:42.525164+02|16408|test|18|304114743|0|316429191|1209624731|374512466|347999125|67664338|42661690|0|0|1|500760576|0|||0|0|105732821.099|56477328.376|7691599.497|12683|0|0|0|2022-04-18 21:24:12.572335+02
292|1650316783.545197|2022-04-18 23:19:43.545197+02|16408|test|17|304126147|0|316471089|1209742956|374537741|348022468|67675734|42673092|0|0|1|500760576|0|||0|0|105748883.543|56489946.112|7693901.357|12685|0|0|0|2022-04-18 21:24:12.572335+02
293|1650316784.565506|2022-04-18 23:19:44.565506+02|16408|test|17|304139153|0|316484717|1209874110|374564245|348048666|67688736|42686094|0|0|1|500760576|0|||0|0|105764940.984|56502381.783|7696343.272|12687|0|0|0|2022-04-18 21:24:12.572335+02
294|1650316785.586082|2022-04-18 23:19:45.586082+02|16408|test|17|304148779|0|316494696|1209971358|374583895|348068104|67698358|42695716|0|0|1|500760576|0|||0|0|105781041.955|56515882.673|7698039.375|12689|0|0|0|2022-04-18 21:24:12.572335+02
295|1650316786.605926|2022-04-18 23:19:46.605926+02|16408|test|17|304161127|0|316507562|1210096063|374609072|348092986|67710702|42708060|0|0|1|500760576|0|||0|0|105797076.099|56528620.297|7700253.247|12691|0|0|0|2022-04-18 21:24:12.572335+02
296|1650316787.627523|2022-04-18 23:19:47.627523+02|16408|test|17|304172206|0|316518983|1210208165|374631685|348115330|67721777|42719135|0|0|1|500760576|0|||0|0|105813169.588|56541668.898|7702275.577|12693|0|0|0|2022-04-18 21:24:12.572335+02
297|1650316788.648496|2022-04-18 23:19:48.648496+02|16408|test|17|304182893|0|316530057|1210316195|374653495|348136890|67732460|42729818|0|0|1|500760576|0|||0|0|105829208.385|56554828.324|7704169.775|12695|0|0|0|2022-04-18 21:24:12.572335+02
298|1650316789.669634|2022-04-18 23:19:49.669634+02|16408|test|17|304195236|0|316542882|1210440828|374678644|348161762|67744799|42742157|0|0|1|500760576|0|||0|0|105845249.857|56567583.113|7706343.673|12697|0|0|0|2022-04-18 21:24:12.572335+02
299|1650316790.690590|2022-04-18 23:19:50.69059+02|16408|test|17|304205942|0|316554116|1210548904|374700491|348183360|67755501|42752859|0|0|1|500760576|0|||0|0|105861330.181|56580835.149|7708202.533|12699|0|0|0|2022-04-18 21:24:12.572335+02
300|1650316791.712464|2022-04-18 23:19:51.712464+02|16408|test|17|304216109|0|316564770|1210651743|374721235|348203880|67765664|42763022|0|0|1|500760576|0|||0|0|105877432.289|56594033.502|7710135.339|12701|0|0|0|2022-04-18 21:24:12.572335+02
301|1650316792.732925|2022-04-18 23:19:52.732925+02|16408|test|17|304227433|0|316576529|1210765863|374744309|348226714|67776984|42774342|0|0|1|500760576|0|||0|0|105893581.066|56606990.041|7712270.521|12703|0|0|0|2022-04-18 21:24:12.572335+02
302|1650316793.754643|2022-04-18 23:19:53.754643+02|16408|test|17|304239495|0|316589065|1210887749|374768906|348251024|67789042|42786400|0|0|1|500760576|0|||0|0|105909623.52|56619725.312|7714463.29|12705|0|0|0|2022-04-18 21:24:12.572335+02
303|1650316794.775795|2022-04-18 23:19:54.775795+02|16408|test|17|304251500|0|316601665|1211009032|374793397|348275220|67801043|42798401|0|0|1|500760576|0|||0|0|105926669.538|56633436.875|7716687.026|12707|0|0|0|2022-04-18 21:24:12.572335+02
304|1650316795.796994|2022-04-18 23:19:55.796994+02|16408|test|17|304262495|0|316613079|1211120113|374815847|348297396|67812034|42809392|0|0|1|500760576|0|||0|0|105943294.185|56647175.303|7718579.578|12709|0|0|0|2022-04-18 21:24:12.572335+02
305|1650316796.816617|2022-04-18 23:19:56.816617+02|16408|test|17|304273325|0|316624312|1211229474|374837926|348319242|67822860|42820218|0|0|1|500760576|0|||0|0|105959505.576|56660376.174|7720578.817|12711|0|0|0|2022-04-18 21:24:12.572335+02
306|1650316797.837208|2022-04-18 23:19:57.837208+02|16408|test|17|304284033|0|316635489|1211337743|374859791|348340844|67833564|42830922|0|0|1|500760576|0|||0|0|105975554.845|56673620.625|7722371.063|12713|0|0|0|2022-04-18 21:24:12.572335+02
307|1650316798.858113|2022-04-18 23:19:58.858113+02|16408|test|17|304296997|0|316648961|1211468824|374886233|348366958|67846524|42843882|0|0|1|500760576|0|||0|0|105991590.246|56686087.667|7724752.752|12715|0|0|0|2022-04-18 21:24:12.572335+02
308|1650316799.879168|2022-04-18 23:19:59.879168+02|16408|test|17|304308045|0|316660502|1211580302|374908742|348389240|67857568|42854926|0|0|1|500760576|0|||0|0|106007678.692|56699168.072|7726770.017|12717|0|0|0|2022-04-18 21:24:12.572335+02
309|1650316800.899453|2022-04-18 23:20:00.899453+02|16408|test|17|304320533|0|316673501|1211706527|374934189|348414402|67870052|42867410|0|0|1|500760576|0|||0|0|106023719.243|56711849.316|7728973.777|12719|0|0|0|2022-04-18 21:24:12.572335+02
310|1650316801.919761|2022-04-18 23:20:01.919761+02|16408|test|17|304332599|0|316686147|1211828446|374958797|348438720|67882114|42879472|0|0|1|500760576|0|||0|0|106041062.905|56725839.183|7731224.331|12721|0|0|0|2022-04-18 21:24:12.572335+02
311|1650316802.939386|2022-04-18 23:20:02.939386+02|16408|test|17|304341308|0|316695120|1211916625|374976633|348456324|67890819|42888177|0|0|1|500760576|0|||0|0|106057407.149|56739831.957|7732768.094|12723|0|0|0|2022-04-18 21:24:12.572335+02
312|1650316803.959616|2022-04-18 23:20:03.959616+02|16408|test|17|304353392|0|316707727|1212038720|375001251|348480678|67902899|42900257|0|0|1|500760576|0|||0|0|106073441.247|56752599.648|7734910.233|12725|0|0|0|2022-04-18 21:24:12.572335+02
313|1650316804.980266|2022-04-18 23:20:04.980266+02|16408|test|17|304366482|0|316721268|1212170894|375027914|348507044|67915985|42913343|0|0|1|500760576|0|||0|0|106089494.059|56764999.34|7737339.931|12727|0|0|0|2022-04-18 21:24:12.572335+02
314|1650316806.000347|2022-04-18 23:20:06.000347+02|16408|test|17|304379061|0|316734319|1212297886|375053551|348532388|67928560|42925918|0|0|1|500760576|0|||0|0|106105597.93|56777667.998|7739624.373|12729|0|0|0|2022-04-18 21:24:12.572335+02
315|1650316807.021193|2022-04-18 23:20:07.021193+02|16408|test|17|304391993|0|316747878|1212428465|375079910|348558438|67941488|42938846|0|0|1|500760576|0|||0|0|106124142.829|56792768.973|7741909.544|12731|0|0|0|2022-04-18 21:24:12.572335+02
316|1650316808.041589|2022-04-18 23:20:08.041589+02|16408|test|17|304400507|0|316756710|1212514666|375097347|348575652|67949998|42947356|0|0|1|500760576|0|||0|0|106138251.807|56804489.676|7743491.766|12733|0|0|0|2022-04-18 21:24:12.572335+02
317|1650316809.062657|2022-04-18 23:20:09.062657+02|16408|test|17|304411095|0|316767692|1212621719|375118970|348597014|67960582|42957940|0|0|1|500760576|0|||0|0|106155789.321|56819207.13|7745328.594|12735|0|0|0|2022-04-18 21:24:12.572335+02
318|1650316810.084081|2022-04-18 23:20:10.084081+02|16408|test|17|304424571|0|316781769|1212757581|375146373|348624152|67974054|42971412|0|0|1|500760576|0|||0|0|106172832.171|56832304.254|7747996.54|12737|0|0|0|2022-04-18 21:24:12.572335+02
319|1650316811.104237|2022-04-18 23:20:11.104237+02|16408|test|17|304437391|0|316795167|1212886997|375172497|348649978|67986870|42984228|0|0|1|500760576|0|||0|0|106188875.406|56844706.32|7750458.84|12739|0|0|0|2022-04-18 21:24:12.572335+02
320|1650316812.124639|2022-04-18 23:20:12.124639+02|16408|test|17|304446970|0|316805137|1212983782|375192057|348669322|67996445|42993803|0|0|1|500760576|0|||0|0|106205059.31|56858363.265|7752103.806|12741|0|0|0|2022-04-18 21:24:12.572335+02
321|1650316813.145320|2022-04-18 23:20:13.14532+02|16408|test|17|304459512|0|316818335|1213110344|375217605|348694592|68008983|43006341|0|0|1|500760576|0|||0|0|106221101.556|56871064.052|7754309.74|12743|0|0|0|2022-04-18 21:24:12.572335+02
322|1650316814.166239|2022-04-18 23:20:14.166239+02|16408|test|17|304467034|0|316826165|1213186315|375232988|348709822|68016501|43013859|0|0|1|500760576|0|||0|0|106237181.495|56885034.757|7755689.145|12745|0|0|0|2022-04-18 21:24:12.572335+02
323|1650316815.185989|2022-04-18 23:20:15.185989+02|16408|test|17|304478252|0|316837916|1213299393|375255869|348732444|68027715|43025073|0|0|1|500760576|0|||0|0|106253247.101|56898142.564|7757637.625|12747|0|0|0|2022-04-18 21:24:12.572335+02
324|1650316816.206595|2022-04-18 23:20:16.206595+02|16408|test|17|304494218|0|316854579|1213460424|375288370|348764562|68043677|43041035|0|0|1|500760576|0|||0|0|106272786.457|56913209.991|7760620.8|12749|0|0|0|2022-04-18 21:24:12.572335+02
325|1650316817.227705|2022-04-18 23:20:17.227705+02|16408|test|17|304506727|0|316867591|1213586780|375313849|348789766|68056182|43053540|0|0|1|500760576|0|||0|0|106288831.392|56925695.849|7763003.117|12751|0|0|0|2022-04-18 21:24:12.572335+02
326|1650316818.248911|2022-04-18 23:20:18.248911+02|16408|test|17|304516943|0|316878224|1213690133|375334730|348810384|68066394|43063752|0|0|1|500760576|0|||0|0|106304885.099|56939016.384|7764804.032|12753|0|0|0|2022-04-18 21:24:12.572335+02
327|1650316819.270219|2022-04-18 23:20:19.270219+02|16408|test|17|304529728|0|316891434|1213819280|375360773|348836140|68079175|43076533|0|0|1|500760576|0|||0|0|106320971.873|56951483.513|7767214.767|12755|0|0|0|2022-04-18 21:24:12.572335+02
328|1650316820.290435|2022-04-18 23:20:20.290435+02|16408|test|17|304537270|0|316899336|1213895546|375376214|348851410|68086713|43084071|0|0|1|500760576|0|||0|0|106337071.697|56965474.525|7768623.441|12757|0|0|0|2022-04-18 21:24:12.572335+02
329|1650316821.311161|2022-04-18 23:20:21.311161+02|16408|test|17|304550162|0|316912767|1214025575|375402469|348877380|68099601|43096959|0|0|1|500760576|0|||0|0|106353113.258|56977947.114|7770982.974|12759|0|0|0|2022-04-18 21:24:12.572335+02
330|1650316822.330932|2022-04-18 23:20:22.330932+02|16408|test|17|304563715|0|316926864|1214162301|375430048|348904672|68113150|43110508|0|0|1|500760576|0|||0|0|106369654.418|56990714.596|7773508.293|12761|0|0|0|2022-04-18 21:24:12.572335+02
331|1650316823.352878|2022-04-18 23:20:23.352878+02|16408|test|17|304575025|0|316938615|1214276408|375453095|348927478|68124456|43121814|0|0|1|500760576|0|||0|0|106385831.17|57003714.179|7775641.479|12763|0|0|0|2022-04-18 21:24:12.572335+02
332|1650316824.373800|2022-04-18 23:20:24.3738+02|16408|test|17|304586467|0|316950557|1214391960|375476440|348950548|68135894|43133252|0|0|1|500760576|0|||0|0|106401877.25|57016665.017|7777664.111|12765|0|0|0|2022-04-18 21:24:12.572335+02
333|1650316825.395495|2022-04-18 23:20:25.395495+02|16408|test|17|304595840|0|316960300|1214486778|375495587|348969480|68145263|43142621|0|0|1|500760576|0|||0|0|106418109.954|57030266.815|7779404.604|12767|0|0|0|2022-04-18 21:24:12.572335+02
334|1650316826.415309|2022-04-18 23:20:26.415309+02|16408|test|17|304606278|0|316971186|1214592228|375516899|348990542|68155697|43153055|0|0|1|500760576|0|||0|0|106434665.413|57043920.658|7781356.71|12769|0|0|0|2022-04-18 21:24:12.572335+02
335|1650316827.436649|2022-04-18 23:20:27.436649+02|16408|test|17|304619115|0|316984606|1214721638|375543045|349016402|68168530|43165888|0|0|1|500760576|0|||0|0|106450708.279|57056390.495|7783754.197|12771|0|0|0|2022-04-18 21:24:12.572335+02
336|1650316828.456688|2022-04-18 23:20:28.456688+02|16408|test|17|304631852|0|316997996|1214850127|375569016|349042062|68181263|43178621|0|0|1|500760576|0|||0|0|106466762.819|57068757.769|7786232.969|12773|0|0|0|2022-04-18 21:24:12.572335+02
337|1650316829.478237|2022-04-18 23:20:29.478237+02|16408|test|17|304642218|0|317008782|1214954947|375590203|349062980|68191625|43188983|0|0|1|500760576|0|||0|0|106482821.869|57081964.514|7788126.734|12775|0|0|0|2022-04-18 21:24:12.572335+02
338|1650316830.498448|2022-04-18 23:20:30.498448+02|16408|test|17|304655012|0|317022068|1215083951|375616230|349088754|68204415|43201773|0|0|1|500760576|0|||0|0|106498857.467|57094459.115|7790486.37|12777|0|0|0|2022-04-18 21:24:12.572335+02
339|1650316831.518219|2022-04-18 23:20:31.518219+02|16408|test|17|304661933|0|317029351|1215153843|375630405|349102782|68211332|43208690|0|0|1|500760576|0|||0|0|106515538.176|57109336.04|7791671.433|12779|0|0|0|2022-04-18 21:24:12.572335+02
340|1650316832.538618|2022-04-18 23:20:32.538618+02|16408|test|17|304674357|0|317042302|1215279495|375655775|349127816|68223752|43221110|0|0|1|500760576|0|||0|0|106531578.119|57122048.333|7793863.588|12781|0|0|0|2022-04-18 21:24:12.572335+02
341|1650316833.559081|2022-04-18 23:20:33.559081+02|16408|test|17|304686776|0|317055207|1215404733|375681049|349152840|68236167|43233525|0|0|1|500760576|0|||0|0|106547629.045|57134691.215|7796147.276|12783|0|0|0|2022-04-18 21:24:12.572335+02
342|1650316834.580216|2022-04-18 23:20:34.580216+02|16408|test|17|304699708|0|317068793|1215535268|375707400|349178890|68249095|43246453|0|0|1|500760576|0|||0|0|106563677.813|57147013.801|7798643.31|12785|0|0|0|2022-04-18 21:24:12.572335+02
343|1650316835.600005|2022-04-18 23:20:35.600005+02|16408|test|17|304710108|0|317079524|1215640249|375728610|349199876|68259491|43256849|0|0|1|500760576|0|||0|0|106581109.067|57161636.181|7800490.945|12787|0|0|0|2022-04-18 21:24:12.572335+02
344|1650316836.620806|2022-04-18 23:20:36.620806+02|16408|test|17|304722918|0|317092953|1215769637|375754710|349225682|68272297|43269655|0|0|1|500760576|0|||0|0|106597180.268|57174163.766|7802858.053|12789|0|0|0|2022-04-18 21:24:12.572335+02
345|1650316837.640975|2022-04-18 23:20:37.640975+02|16408|test|17|304729947|0|317100239|1215840691|375769135|349239926|68279322|43276680|0|0|1|500760576|0|||0|0|106614341.614|57189383.871|7804137.97|12791|0|0|0|2022-04-18 21:24:12.572335+02
346|1650316838.660939|2022-04-18 23:20:38.660939+02|16408|test|17|304742709|0|317113547|1215969561|375795126|349265636|68292080|43289438|0|0|1|500760576|0|||0|0|106630377.711|57201915.952|7806469.16|12793|0|0|0|2022-04-18 21:24:12.572335+02
347|1650316839.681600|2022-04-18 23:20:39.6816+02|16408|test|17|304755383|0|317126772|1216097366|375820944|349291170|68304750|43302108|0|0|1|500760576|0|||0|0|106646421.697|57214363.424|7808861.304|12795|0|0|0|2022-04-18 21:24:12.572335+02
348|1650316840.702044|2022-04-18 23:20:40.702044+02|16408|test|18|304766781|0|317138710|1216212555|375844213|349314152|68316144|43313502|0|0|1|500760576|0|||0|0|106662515.34|57227213.769|7810954.585|12797|0|0|0|2022-04-18 21:24:12.572335+02
349|1650316841.722636|2022-04-18 23:20:41.722636+02|16408|test|18|304776965|0|317149447|1216317953|375865421|349334706|68326324|43323682|0|0|1|500760576|0|||0|0|106679429.599|57241248.921|7812839.414|12799|0|0|0|2022-04-18 21:24:12.572335+02
350|1650316842.743762|2022-04-18 23:20:42.743762+02|16408|test|17|304784607|0|317182054|1216404201|375883070|349350330|68333958|43331320|0|0|1|500760576|0|||0|0|106695849.56|57255603.532|7814169.438|12801|0|0|0|2022-04-18 21:24:12.572335+02
351|1650316843.764230|2022-04-18 23:20:43.76423+02|16408|test|17|304797186|0|317195164|1216532509|375909038|349375866|68346533|43343895|0|0|1|500760576|0|||0|0|106712889.914|57269181.747|7816468.857|12803|0|0|0|2022-04-18 21:24:12.572335+02
352|1650316844.785171|2022-04-18 23:20:44.785171+02|16408|test|17|304809824|0|317208450|1216659866|375934770|349401328|68359167|43356529|0|0|1|500760576|0|||0|0|106728931.66|57281719.427|7818814.731|12805|0|0|0|2022-04-18 21:24:12.572335+02
353|1650316845.805664|2022-04-18 23:20:45.805664+02|16408|test|17|304819604|0|317218681|1216758835|375954770|349421074|68368943|43366305|0|0|1|500760576|0|||0|0|106744975.477|57295059.467|7820599.149|12807|0|0|0|2022-04-18 21:24:12.572335+02
354|1650316846.825566|2022-04-18 23:20:46.825566+02|16408|test|17|304831979|0|317231484|1216883554|375979961|349446010|68381314|43378676|0|0|1|500760576|0|||0|0|106761014.871|57307613.993|7822924.836|12809|0|0|0|2022-04-18 21:24:12.572335+02
355|1650316847.845603|2022-04-18 23:20:47.845603+02|16408|test|17|304838282|0|317237992|1216947456|375992897|349458802|68387613|43384975|0|0|1|500760576|0|||0|0|106777395.644|57322359.421|7823978.475|12811|0|0|0|2022-04-18 21:24:12.572335+02
356|1650316848.865437|2022-04-18 23:20:48.865437+02|16408|test|17|304849811|0|317250039|1217063659|376016374|349482046|68399138|43396500|0|0|1|500760576|0|||0|0|106793436.722|57335342.978|7825969.457|12813|0|0|0|2022-04-18 21:24:12.572335+02
357|1650316849.886365|2022-04-18 23:20:49.886365+02|16408|test|17|304861817|0|317262466|1217184913|376040849|349506244|68411140|43408502|0|0|1|500760576|0|||0|0|106809487.477|57348021.545|7828231.179|12815|0|0|0|2022-04-18 21:24:12.572335+02
358|1650316850.905676|2022-04-18 23:20:50.905676+02|16408|test|17|304874028|0|317275220|1217308240|376065775|349530852|68423347|43420709|0|0|1|500760576|0|||0|0|106825536.755|57360694.343|7830451.799|12817|0|0|0|2022-04-18 21:24:12.572335+02
359|1650316851.926286|2022-04-18 23:20:51.926286+02|16408|test|17|304883428|0|317285020|1217403165|376084986|349549838|68432743|43430105|0|0|1|500760576|0|||0|0|106841629.731|57374165.8|7832205.673|12819|0|0|0|2022-04-18 21:24:12.572335+02
360|1650316852.946264|2022-04-18 23:20:52.946264+02|16408|test|17|304896219|0|317298497|1217532054|376111013|349575606|68445530|43442892|0|0|1|500760576|0|||0|0|106857673.465|57386766.844|7834473.843|12821|0|0|0|2022-04-18 21:24:12.572335+02
361|1650316853.966809|2022-04-18 23:20:53.966809+02|16408|test|17|304903901|0|317306503|1217609763|376126738|349591156|68453208|43450570|0|0|1|500760576|0|||0|0|106873815.517|57400726.975|7835925.642|12823|0|0|0|2022-04-18 21:24:12.572335+02
362|1650316854.987555|2022-04-18 23:20:54.987555+02|16408|test|17|304915399|0|317318371|1217725766|376150169|349614338|68464702|43462064|0|0|1|500760576|0|||0|0|106889855.424|57413728.017|7837901.369|12825|0|0|0|2022-04-18 21:24:12.572335+02
363|1650316856.008285|2022-04-18 23:20:56.008285+02|16408|test|17|304927747|0|317331203|1217850384|376175317|349639220|68477046|43474408|0|0|1|500760576|0|||0|0|106905896.44|57426200.941|7840295.173|12827|0|0|0|2022-04-18 21:24:12.572335+02
364|1650316857.027788|2022-04-18 23:20:57.027788+02|16408|test|17|304940550|0|317344684|1217979405|376201377|349665012|68489845|43487207|0|0|1|500760576|0|||0|0|106921941.992|57438642.714|7842697.435|12829|0|0|0|2022-04-18 21:24:12.572335+02
365|1650316858.048790|2022-04-18 23:20:58.04879+02|16408|test|17|304950189|0|317354763|1218076595|376221030|349684476|68499480|43496842|0|0|1|500760576|0|||0|0|106938467.737|57452591.962|7844390.173|12831|0|0|0|2022-04-18 21:24:12.572335+02
366|1650316859.068818|2022-04-18 23:20:59.068818+02|16408|test|17|304964665|0|317369759|1218222622|376250475|349713614|68513952|43511314|0|0|1|500760576|0|||0|0|106957023.858|57467153.133|7847058.54|12833|0|0|0|2022-04-18 21:24:12.572335+02
367|1650316860.089965|2022-04-18 23:21:00.089965+02|16408|test|17|304971769|0|317377082|1218294440|376265011|349728008|68521052|43518414|0|0|1|500760576|0|||0|0|106974224.603|57482328.994|7848412.012|12835|0|0|0|2022-04-18 21:24:12.572335+02
368|1650316861.110475|2022-04-18 23:21:01.110475+02|16408|test|17|304983862|0|317389682|1218416335|376289626|349752380|68533141|43530503|0|0|1|500760576|0|||0|0|106990275.666|57495023.084|7850643.365|12837|0|0|0|2022-04-18 21:24:12.572335+02
369|1650316862.130840|2022-04-18 23:21:02.13084+02|16408|test|17|304997749|0|317404183|1218556405|376317893|349780340|68547024|43544386|0|0|1|500760576|0|||0|0|107008318.77|57509087.665|7853309.173|12839|0|0|0|2022-04-18 21:24:12.572335+02
370|1650316863.151274|2022-04-18 23:21:03.151274+02|16408|test|17|305010379|0|317417327|1218683993|376343616|349805786|68559650|43557012|0|0|1|500760576|0|||0|0|107024384.408|57521716.571|7855593.099|12841|0|0|0|2022-04-18 21:24:12.572335+02
371|1650316864.172884|2022-04-18 23:21:04.172884+02|16408|test|17|305020266|0|317427640|1218783665|376363773|349825746|68569533|43566895|0|0|1|500760576|0|||0|0|107040460.27|57535045.654|7857421.663|12843|0|0|0|2022-04-18 21:24:12.572335+02
372|1650316865.194155|2022-04-18 23:21:05.194155+02|16408|test|17|305028648|0|317436375|1218868329|376380912|349842696|68577911|43575273|0|0|1|500760576|0|||0|0|107050989.071|57543228.454|7858986.809|12845|0|0|0|2022-04-18 21:24:12.572335+02
373|1650316866.213668|2022-04-18 23:21:06.213668+02|16408|test|17|305037443|0|317445492|1218957333|376398887|349860472|68586702|43584064|0|0|1|500760576|0|||0|0|107070231.354|57559968.407|7860678.639|12847|0|0|0|2022-04-18 21:24:12.572335+02
374|1650316867.234119|2022-04-18 23:21:07.234119+02|16408|test|17|305052252|0|317460960|1219106598|376429013|349890276|68601507|43598869|0|0|1|500760576|0|||0|0|107089771.013|57575357.639|7863451.731|12849|0|0|0|2022-04-18 21:24:12.572335+02
375|1650316868.254369|2022-04-18 23:21:08.254369+02|16408|test|17|305064972|0|317474248|1219234984|376454928|349915902|68614223|43611585|0|0|1|500760576|0|||0|0|107105850.332|57587969.363|7865749.814|12851|0|0|0|2022-04-18 21:24:12.572335+02
376|1650316869.275487|2022-04-18 23:21:09.275487+02|16408|test|17|305076659|0|317486505|1219352798|376478737|349939462|68625906|43623268|0|0|1|500760576|0|||0|0|107121969.804|57600872.959|7867874.861|12853|0|0|0|2022-04-18 21:24:12.572335+02
377|1650316870.296443|2022-04-18 23:21:10.296443+02|16408|test|17|305087737|0|317497953|1219464530|376501328|349961804|68636980|43634342|0|0|1|500760576|0|||0|0|107138016.659|57613846.798|7869932.687|12855|0|0|0|2022-04-18 21:24:12.572335+02
378|1650316871.317945|2022-04-18 23:21:11.317945+02|16408|test|17|305098022|0|317508703|1219568325|376522328|349982560|68647261|43644623|0|0|1|500760576|0|||0|0|107154147.699|57626981.22|7871944.869|12857|0|0|0|2022-04-18 21:24:12.572335+02
379|1650316872.340228|2022-04-18 23:21:12.340228+02|16408|test|17|305106839|0|317517957|1219657407|376540349|350000380|68656074|43653436|0|0|1|500760576|0|||0|0|107170193.118|57640538.635|7873615.156|12859|0|0|0|2022-04-18 21:24:12.572335+02
380|1650316873.360828|2022-04-18 23:21:13.360828+02|16408|test|17|305119335|0|317530936|1219783451|376565793|350025558|68668566|43665928|0|0|1|500760576|0|||0|0|107186267.226|57653136.541|7875961.965|12861|0|0|0|2022-04-18 21:24:12.572335+02
381|1650316874.381335|2022-04-18 23:21:14.381335+02|16408|test|17|305131945|0|317543926|1219910886|376591481|350050964|68681172|43678534|0|0|1|500760576|0|||0|0|107202310.693|57665520.984|7878440.836|12863|0|0|0|2022-04-18 21:24:12.572335+02
382|1650316875.401677|2022-04-18 23:21:15.401677+02|16408|test|17|305142696|0|317555275|1220019186|376613406|350072652|68691919|43689281|0|0|1|500760576|0|||0|0|107218381.326|57678586.121|7880456.524|12865|0|0|0|2022-04-18 21:24:12.572335+02
383|1650316876.422104|2022-04-18 23:21:16.422104+02|16408|test|17|305154722|0|317567706|1220140707|376637916|350096890|68703941|43701303|0|0|1|500760576|0|||0|0|107234427.49|57691419.06|7882578.816|12867|0|0|0|2022-04-18 21:24:12.572335+02
384|1650316877.442193|2022-04-18 23:21:17.442193+02|16408|test|17|305163348|0|317576789|1220227893|376655546|350114328|68712563|43709925|0|0|1|500760576|0|||0|0|107251566.55|57706179.844|7884149.723|12869|0|0|0|2022-04-18 21:24:12.572335+02
385|1650316878.462994|2022-04-18 23:21:18.462994+02|16408|test|17|305175039|0|317588904|1220345895|376679374|350137896|68724250|43721612|0|0|1|500760576|0|||0|0|107267612.404|57719092.488|7886221.387|12871|0|0|0|2022-04-18 21:24:12.572335+02
386|1650316879.484117|2022-04-18 23:21:19.484117+02|16408|test|17|305188707|0|317603204|1220483624|376707183|350165418|68737914|43735276|0|0|1|500760576|0|||0|0|107284672.793|57732222.411|7888867.751|12873|0|0|0|2022-04-18 21:24:12.572335+02
387|1650316880.504633|2022-04-18 23:21:20.504633+02|16408|test|17|305201518|0|317616537|1220612873|376733272|350191226|68750721|43748083|0|0|1|500760576|0|||0|0|107300709.945|57744654.805|7891269.363|12875|0|0|0|2022-04-18 21:24:12.572335+02
388|1650316881.524888|2022-04-18 23:21:21.524888+02|16408|test|17|305211835|0|317627418|1220716708|376754314|350212046|68761034|43758396|0|0|1|500760576|0|||0|0|107316867.954|57757976.418|7893137.929|12877|0|0|0|2022-04-18 21:24:12.572335+02
389|1650316882.545841|2022-04-18 23:21:22.545841+02|16408|test|17|305224891|0|317641049|1220848411|376780885|350238344|68774086|43771448|0|0|1|500760576|0|||0|0|107332929.151|57770380.43|7895598.417|12879|0|0|0|2022-04-18 21:24:12.572335+02
390|1650316883.567684|2022-04-18 23:21:23.567684+02|16408|test|17|305232001|0|317648438|1220920144|376795445|350252750|68781192|43778554|0|0|1|500760576|0|||0|0|107349017.348|57784476.722|7896922.854|12881|0|0|0|2022-04-18 21:24:12.572335+02
391|1650316884.589454|2022-04-18 23:21:24.589454+02|16408|test|17|305244813|0|317661774|1221049377|376821531|350278560|68794000|43791362|0|0|1|500760576|0|||0|0|107365055.361|57797016.181|7899242.05|12883|0|0|0|2022-04-18 21:24:12.572335+02
392|1650316885.610364|2022-04-18 23:21:25.610364+02|16408|test|17|305257653|0|317675249|1221178781|376847678|350304426|68806836|43804198|0|0|1|500760576|0|||0|0|107381096.95|57809464.667|7901659.673|12885|0|0|0|2022-04-18 21:24:12.572335+02
393|1650316886.630331|2022-04-18 23:21:26.630331+02|16408|test|17|305270480|0|317688624|1221308161|376873793|350330266|68819659|43817021|0|0|1|500760576|0|||0|0|107397307.653|57822166.574|7904002.633|12887|0|0|0|2022-04-18 21:24:12.572335+02
394|1650316887.651257|2022-04-18 23:21:27.651257+02|16408|test|17|305281549|0|317700084|1221419753|376896356|350352590|68830724|43828086|0|0|1|500760576|0|||0|0|107413852.744|57835745.772|7905946.807|12889|0|0|0|2022-04-18 21:24:12.572335+02
395|1650316888.672779|2022-04-18 23:21:28.672779+02|16408|test|17|305292704|0|317711588|1221532348|376919072|350375086|68841875|43839237|0|0|1|500760576|0|||0|0|107431161.635|57849938.799|7908035.534|12891|0|0|0|2022-04-18 21:24:12.572335+02
396|1650316889.693787|2022-04-18 23:21:29.693787+02|16408|test|17|305302776|0|317722065|1221634167|376939642|350395416|68851943|43849305|0|0|1|500760576|0|||0|0|107447195.991|57863191.09|7909856.803|12893|0|0|0|2022-04-18 21:24:12.572335+02
397|1650316890.713853|2022-04-18 23:21:30.713853+02|16408|test|17|305315694|0|317735603|1221764416|376965931|350421438|68864857|43862219|0|0|1|500760576|0|||0|0|107463233.374|57875670.321|7912233.775|12895|0|0|0|2022-04-18 21:24:12.572335+02
398|1650316891.734334|2022-04-18 23:21:31.734334+02|16408|test|17|305328736|0|317749183|1221895724|376992483|350447708|68877895|43875257|0|0|1|500760576|0|||0|0|107479266.203|57888164.387|7914585.137|12897|0|0|0|2022-04-18 21:24:12.572335+02
399|1650316892.755444|2022-04-18 23:21:32.755444+02|16408|test|17|305339934|0|317760819|1222008686|377015304|350470290|68889089|43886451|0|0|1|500760576|0|||0|0|107496374.571|57902177.841|7916645.927|12899|0|0|0|2022-04-18 21:24:12.572335+02
400|1650316893.777125|2022-04-18 23:21:33.777125+02|16408|test|17|305353145|0|317774742|1222141844|377042215|350496898|68902296|43899658|0|0|1|500760576|0|||0|0|107512410.462|57914662.597|7919006.104|12901|0|0|0|2022-04-18 21:24:12.572335+02
401|1650316894.797086|2022-04-18 23:21:34.797086+02|16408|test|17|305358523|0|317780319|1222196243|377053277|350507840|68907670|43905032|0|0|1|500760576|0|||0|0|107526902.981|57927614.345|7920027.836|12903|0|0|0|2022-04-18 21:24:12.572335+02
402|1650316895.817688|2022-04-18 23:21:35.817688+02|16408|test|17|305375923|0|317798418|1222371416|377088626|350542826|68925066|43922428|0|0|1|500760576|0|||0|0|107548501.678|57944414.615|7923232.268|12905|0|0|0|2022-04-18 21:24:12.572335+02
403|1650316896.837780|2022-04-18 23:21:36.83778+02|16408|test|17|305388955|0|317812072|1222502660|377115130|350569076|68938094|43935456|0|0|1|500760576|0|||0|0|107564542.112|57956849.852|7925621.067|12907|0|0|0|2022-04-18 21:24:12.572335+02
404|1650316897.858406|2022-04-18 23:21:37.858406+02|16408|test|17|305397532|0|317820878|1222589313|377132663|350586416|68946667|43944029|0|0|1|500760576|0|||0|0|107575076.72|57964963.095|7927234.834|12909|0|0|0|2022-04-18 21:24:12.572335+02
405|1650316898.880012|2022-04-18 23:21:38.880012+02|16408|test|17|305408880|0|317832724|1222703770|377155770|350609298|68958011|43955373|0|0|1|500760576|0|||0|0|107592380.051|57979070.809|7929382.768|12911|0|0|0|2022-04-18 21:24:12.572335+02
406|1650316899.901610|2022-04-18 23:21:39.90161+02|16408|test|17|305421385|0|317845821|1222829899|377181230|350634494|68970512|43967874|0|0|1|500760576|0|||0|0|107608477.762|57991647.681|7931736.023|12913|0|0|0|2022-04-18 21:24:12.572335+02
407|1650316900.924161|2022-04-18 23:21:40.924161+02|16408|test|17|305430495|0|317855309|1222921822|377201082|350652910|68979616|43976978|0|0|1|500760576|0|||0|0|107626073.208|58006683.145|7933447.735|12915|0|0|0|2022-04-18 21:24:12.572335+02
408|1650316901.945873|2022-04-18 23:21:41.945873+02|16408|test|17|305443454|0|317868830|1223052399|377227450|350679014|68992571|43989933|0|0|1|500760576|0|||0|0|107642113.495|58019242.819|7935765.017|12917|0|0|0|2022-04-18 21:24:12.572335+02
409|1650316902.965833|2022-04-18 23:21:42.965833+02|16408|test|17|305459165|0|317885249|1223210684|377259372|350710622|69008278|44005640|0|0|1|500760576|0|||0|0|107662168.105|58034737.193|7938841.115|12919|0|0|0|2022-04-18 21:24:12.572335+02
410|1650316903.988627|2022-04-18 23:21:43.988627+02|16408|test|17|305469548|0|317896128|1223315279|377280539|350731574|69018657|44016019|0|0|1|500760576|0|||0|0|107678534.618|58048213.507|7940747.841|12921|0|0|0|2022-04-18 21:24:12.572335+02
411|1650316905.008793|2022-04-18 23:21:45.008793+02|16408|test|17|305481597|0|317908670|1223436744|377305068|350755858|69030702|44028064|0|0|1|500760576|0|||0|0|107694573.308|58060992.289|7942921.161|12923|0|0|0|2022-04-18 21:24:12.572335+02
412|1650316906.029515|2022-04-18 23:21:46.029515+02|16408|test|17|305485950|0|317913240|1223480889|377314062|350764750|69035051|44032413|0|0|1|500760576|0|||0|0|107707983.241|58073253.354|7943656.213|12925|0|0|0|2022-04-18 21:24:12.572335+02
413|1650316907.049552|2022-04-18 23:21:47.049552+02|16408|test|17|305500991|0|317928961|1223632394|377344651|350795018|69050088|44047450|0|0|1|500760576|0|||0|0|107727533.369|58088781.841|7946279.876|12927|0|0|0|2022-04-18 21:24:12.572335+02
414|1650316908.070148|2022-04-18 23:21:48.070148+02|16408|test|17|305513506|0|317941964|1223758577|377370120|350820234|69062599|44059961|0|0|1|500760576|0|||0|0|107743572.971|58101297.575|7948628.793|12929|0|0|0|2022-04-18 21:24:12.572335+02
415|1650316909.090350|2022-04-18 23:21:49.09035+02|16408|test|17|305526294|0|317955343|1223887656|377396156|350845996|69075383|44072745|0|0|1|500760576|0|||0|0|107759607.512|58113549.312|7951182.598|12931|0|0|0|2022-04-18 21:24:12.572335+02
416|1650316910.110876|2022-04-18 23:21:50.110876+02|16408|test|17|305537564|0|317967100|1224001310|377419119|350868722|69086649|44084011|0|0|1|500760576|0|||0|0|107775733.825|58126691.511|7953133.466|12933|0|0|0|2022-04-18 21:24:12.572335+02
417|1650316911.131029|2022-04-18 23:21:51.131029+02|16408|test|17|305549185|0|317979252|1224118533|377442792|350892150|69098266|44095628|0|0|1|500760576|0|||0|0|107791875.776|58139587.804|7955293.694|12935|0|0|0|2022-04-18 21:24:12.572335+02
418|1650316912.150643|2022-04-18 23:21:52.150643+02|16408|test|17|305560706|0|317991297|1224234833|377466287|350915378|69109783|44107145|0|0|1|500760576|0|||0|0|107807920.143|58152560.659|7957325.036|12937|0|0|0|2022-04-18 21:24:12.572335+02
419|1650316913.170206|2022-04-18 23:21:53.170206+02|16408|test|17|305571011|0|318002017|1224338595|377487270|350936174|69120084|44117446|0|0|1|500760576|0|||0|0|107824460.189|58166329.341|7959132.457|12939|0|0|0|2022-04-18 21:24:12.572335+02
420|1650316914.190847|2022-04-18 23:21:54.190847+02|16408|test|17|305581371|0|318012775|1224443010|377508367|350957080|69130440|44127802|0|0|1|500760576|0|||0|0|107840500.533|58179606.371|7960961.631|12941|0|0|0|2022-04-18 21:24:12.572335+02
421|1650316915.211142|2022-04-18 23:21:55.211142+02|16408|test|17|305593712|0|318025771|1224567376|377533495|350981948|69142777|44140139|0|0|1|500760576|0|||0|0|107856544.23|58192376.992|7963109.285|12943|0|0|0|2022-04-18 21:24:12.572335+02
422|1650316916.231428|2022-04-18 23:21:56.231428+02|16408|test|17|305606350|0|318038830|1224694645|377559211|351007410|69155411|44152773|0|0|1|500760576|0|||0|0|107873890.645|58206201.663|7965449.231|12945|0|0|0|2022-04-18 21:24:12.572335+02
423|1650316917.252356|2022-04-18 23:21:57.252356+02|16408|test|17|305617654|0|318050440|1224808802|377582242|351030204|69166711|44164073|0|0|1|500760576|0|||0|0|107890432.394|58219829.267|7967336.01|12947|0|0|0|2022-04-18 21:24:12.572335+02
424|1650316918.273358|2022-04-18 23:21:58.273358+02|16408|test|17|305628403|0|318061706|1224916930|377604137|351051888|69177456|44174818|0|0|1|500760576|0|||0|0|107906563.301|58233106.781|7969203.24|12949|0|0|0|2022-04-18 21:24:12.572335+02
425|1650316919.294211|2022-04-18 23:21:59.294211+02|16408|test|17|305641062|0|318074979|1225044312|377629890|351077392|69190111|44187473|0|0|1|500760576|0|||0|0|107922646.979|58245708.577|7971521.704|12951|0|0|0|2022-04-18 21:24:12.572335+02
426|1650316920.315092|2022-04-18 23:22:00.315092+02|16408|test|17|305648783|0|318083087|1225122261|377645663|351093020|69197828|44195190|0|0|1|500760576|0|||0|0|107938753.428|58259664.458|7972950.991|12953|0|0|0|2022-04-18 21:24:12.572335+02
427|1650316921.336276|2022-04-18 23:22:01.336276+02|16408|test|17|305661180|0|318095978|1225246995|377670886|351118000|69210221|44207583|0|0|1|500760576|0|||0|0|107954790.378|58272280.76|7975217.903|12955|0|0|0|2022-04-18 21:24:12.572335+02
428|1650316922.357313|2022-04-18 23:22:02.357313+02|16408|test|17|305674064|0|318109419|1225376940|377697111|351143954|69223101|44220463|0|0|1|500760576|0|||0|0|107970829.311|58284759.752|7977601.1|12957|0|0|0|2022-04-18 21:24:12.572335+02
429|1650316923.379101|2022-04-18 23:22:03.379101+02|16408|test|17|305684115|0|318119774|1225478395|377717594|351164242|69233148|44230510|0|0|1|500760576|0|||0|0|107987081.385|58298352.11|7979327.087|12959|0|0|0|2022-04-18 21:24:12.572335+02
430|1650316924.399332|2022-04-18 23:22:04.399332+02|16408|test|17|305697367|0|318133628|1225611984|377744570|351190932|69246396|44243758|0|0|1|500760576|0|||0|0|108003118.535|58310741.933|7981772.247|12961|0|0|0|2022-04-18 21:24:12.572335+02
431|1650316925.419769|2022-04-18 23:22:05.419769+02|16408|test|17|305705363|0|318141955|1225692702|377760907|351207110|69254388|44251750|0|0|1|500760576|0|||0|0|108020997.371|58326343.658|7983270.097|12963|0|0|0|2022-04-18 21:24:12.572335+02
432|1650316926.439981|2022-04-18 23:22:06.439981+02|16408|test|17|305718218|0|318155359|1225822245|377787062|351233006|69267239|44264601|0|0|1|500760576|0|||0|0|108037036.695|58338761.493|7985704.334|12965|0|0|0|2022-04-18 21:24:12.572335+02
433|1650316927.460104|2022-04-18 23:22:07.460104+02|16408|test|17|305730696|0|318168489|1225947944|377812447|351258148|69279713|44277075|0|0|1|500760576|0|||0|0|108053079.074|58351313.609|7988042.937|12967|0|0|0|2022-04-18 21:24:12.572335+02
434|1650316928.481893|2022-04-18 23:22:08.481893+02|16408|test|17|305743705|0|318182032|1226079009|377838885|351284352|69292718|44290080|0|0|1|500760576|0|||0|0|108069117.973|58363667.856|7990487.738|12969|0|0|0|2022-04-18 21:24:12.572335+02
435|1650316929.502594|2022-04-18 23:22:09.502594+02|16408|test|17|305753329|0|318192093|1226176085|377858532|351303786|69302338|44299700|0|0|1|500760576|0|||0|0|108085668.41|58377513.706|7992294.957|12971|0|0|0|2022-04-18 21:24:12.572335+02
436|1650316930.522724|2022-04-18 23:22:10.522724+02|16408|test|17|305765006|0|318204279|1226293808|377882302|351327326|69314011|44311373|0|0|1|500760576|0|||0|0|108101220.788|58389848.967|7994417.55|12973|0|0|0|2022-04-18 21:24:12.572335+02
437|1650316931.543863|2022-04-18 23:22:11.543863+02|16408|test|17|305771442|0|318211100|1226358778|377895493|351340384|69320443|44317805|0|0|1|500760576|0|||0|0|108117433.133|58404238.876|7995607.947|12975|0|0|0|2022-04-18 21:24:12.572335+02
438|1650316932.565218|2022-04-18 23:22:12.565218+02|16408|test|17|305784613|0|318224784|1226491477|377922280|351366912|69333610|44330972|0|0|1|500760576|0|||0|0|108133976.671|58417147.691|7998030.274|12977|0|0|0|2022-04-18 21:24:12.572335+02
439|1650316933.585739|2022-04-18 23:22:13.585739+02|16408|test|17|305796998|0|318237541|1226616435|377947500|351391868|69345991|44343353|0|0|1|500760576|0|||0|0|108150018.279|58429813.696|8000273.303|12979|0|0|0|2022-04-18 21:24:12.572335+02
440|1650316934.605170|2022-04-18 23:22:14.60517+02|16408|test|17|305809304|0|318250268|1226740551|377972519|351416666|69358293|44355655|0|0|1|500760576|0|||0|0|108166068.243|58442501.728|8002513.483|12981|0|0|0|2022-04-18 21:24:12.572335+02
441|1650316935.626489|2022-04-18 23:22:15.626489+02|16408|test|17|305818543|0|318259934|1226833792|377991388|351435330|69367528|44364890|0|0|1|500760576|0|||0|0|108182128.386|58456069.154|8004171.867|12983|0|0|0|2022-04-18 21:24:12.572335+02
442|1650316936.648179|2022-04-18 23:22:16.648179+02|16408|test|17|305831442|0|318273475|1226963753|378017631|351461314|69380423|44377785|0|0|1|500760576|0|||0|0|108198164.369|58468530.132|8006562.508|12985|0|0|0|2022-04-18 21:24:12.572335+02
443|1650316937.670174|2022-04-18 23:22:17.670174+02|16408|test|17|305839325|0|318281717|1227043168|378033751|351477266|69388302|44385664|0|0|1|500760576|0|||0|0|108215436|58483600.452|8008028.365|12987|0|0|0|2022-04-18 21:24:12.572335+02
444|1650316938.691927|2022-04-18 23:22:18.691927+02|16408|test|17|305851969|0|318294810|1227170690|378059488|351502740|69400942|44398304|0|0|1|500760576|0|||0|0|108231471.888|58496099.042|8010383.637|12989|0|0|0|2022-04-18 21:24:12.572335+02
445|1650316939.714662|2022-04-18 23:22:19.714662+02|16408|test|17|305864988|0|318308440|1227301902|378085993|351528964|69413957|44411319|0|0|1|500760576|0|||0|0|108247508.254|58508433.898|8012862.659|12991|0|0|0|2022-04-18 21:24:12.572335+02
446|1650316940.735448|2022-04-18 23:22:20.735448+02|16408|test|17|305876449|0|318320397|1227417452|378109327|351552072|69425414|44422776|0|0|1|500760576|0|||0|0|108263950.234|58521709.498|8014971.865|12993|0|0|0|2022-04-18 21:24:12.572335+02
447|1650316941.755587|2022-04-18 23:22:21.755587+02|16408|test|17|305886770|0|318331158|1227521540|378130369|351572900|69435731|44433093|0|0|1|500760576|0|||0|0|108279995.047|58534961.539|8016814.22|12995|0|0|0|2022-04-18 21:24:12.572335+02
448|1650316942.775387|2022-04-18 23:22:22.775387+02|16408|test|17|305897739|0|318342612|1227632052|378152695|351595024|69446696|44444058|0|0|1|500760576|0|||0|0|108296115.437|58547960.247|8018897.338|12997|0|0|0|2022-04-18 21:24:12.572335+02
449|1650316943.796875|2022-04-18 23:22:23.796875+02|16408|test|17|305905292|0|318350540|1227708313|378168138|351610316|69454245|44451607|0|0|1|500760576|0|||0|0|108312152.83|58561876.092|8020272.165|12999|0|0|0|2022-04-18 21:24:12.572335+02
450|1650316944.817271|2022-04-18 23:22:24.817271+02|16408|test|17|305918488|0|318364375|1227841227|378194989|351636894|69467437|44464799|0|0|1|500760576|0|||0|0|108328698.186|58574667.96|8022789.369|13001|0|0|0|2022-04-18 21:24:12.572335+02
451|1650316945.838620|2022-04-18 23:22:25.83862+02|16408|test|17|305930962|0|318377324|1227966995|378220366|351662028|69479907|44477269|0|0|1|500760576|0|||0|0|108344750.098|58587192.714|8025161.724|13003|0|0|0|2022-04-18 21:24:12.572335+02
452|1650316946.859516|2022-04-18 23:22:26.859516+02|16408|test|17|305941704|0|318388641|1228075468|378242287|351683698|69490645|44488007|0|0|1|500760576|0|||0|0|108360418.418|58599808.24|8027217.556|13005|0|0|0|2022-04-18 21:24:12.572335+02
453|1650316947.880098|2022-04-18 23:22:27.880098+02|16408|test|17|305954045|0|318401471|1228199701|378267411|351708566|69502982|44500344|0|0|1|500760576|0|||0|0|108376956.246|58613010.022|8029418.923|13007|0|0|0|2022-04-18 21:24:12.572335+02
454|1650316948.899787|2022-04-18 23:22:28.899787+02|16408|test|17|305963388|0|318411280|1228293681|378286472|351727438|69512321|44509683|0|0|1|500760576|0|||0|0|108393079.488|58626535.318|8031148.348|13009|0|0|0|2022-04-18 21:24:12.572335+02
455|1650316949.920085|2022-04-18 23:22:29.920085+02|16408|test|17|305974152|0|318422532|1228402323|378308378|351749152|69523081|44520443|0|0|1|500760576|0|||0|0|108409119.477|58639766.979|8032975.184|13011|0|0|0|2022-04-18 21:24:12.572335+02
456|1650316950.940334|2022-04-18 23:22:30.940334+02|16408|test|17|305988459|0|318437594|1228546074|378337468|351777952|69537384|44534746|0|0|1|500760576|0|||0|0|108427166.445|58653740.717|8035695.488|13013|0|0|0|2022-04-18 21:24:12.572335+02
457|1650316951.960579|2022-04-18 23:22:31.960579+02|16408|test|17|306004404|0|318454333|1228706691|378369896|351810028|69553325|44550687|0|0|1|500760576|0|||0|0|108446714.309|58668822.413|8038719.891|13015|0|0|0|2022-04-18 21:24:12.572335+02
458|1650316952.980421|2022-04-18 23:22:32.980421+02|16408|test|17|306015752|0|318466063|1228820961|378392993|351832910|69564669|44562031|0|0|1|500760576|0|||0|0|108464277.225|58683306.123|8040749.558|13017|0|0|0|2022-04-18 21:24:12.572335+02
459|1650316954.002012|2022-04-18 23:22:34.002012+02|16408|test|17|306027516|0|318478352|1228939550|378416950|351856624|69576429|44573791|0|0|1|500760576|0|||0|0|108480426.523|58696144.698|8042938.662|13019|0|0|0|2022-04-18 21:24:12.572335+02
460|1650316955.021757|2022-04-18 23:22:35.021757+02|16408|test|17|306035335|0|318486448|1229018389|378432938|351872448|69584244|44581606|0|0|1|500760576|0|||0|0|108496514.362|58710069.111|8044361.638|13021|0|0|0|2022-04-18 21:24:12.572335+02
461|1650316956.044588|2022-04-18 23:22:36.044588+02|16408|test|17|306048316|0|318499988|1229149114|378459336|351898596|69597221|44594583|0|0|1|500760576|0|||0|0|108512548.974|58722586.031|8046716.338|13023|0|0|0|2022-04-18 21:24:12.572335+02
462|1650316957.064978|2022-04-18 23:22:37.064978+02|16408|test|17|306061245|0|318513405|1229279466|378485643|351924640|69610146|44607508|0|0|1|500760576|0|||0|0|108528588.986|58734879.191|8049225.911|13025|0|0|0|2022-04-18 21:24:12.572335+02
463|1650316958.084864|2022-04-18 23:22:38.084864+02|16408|test|17|306072112|0|318524661|1229389240|378507785|351946560|69621009|44618371|0|0|1|500760576|0|||0|0|108544749.155|58748054.681|8051220.235|13027|0|0|0|2022-04-18 21:24:12.572335+02
464|1650316959.106091|2022-04-18 23:22:39.106091+02|16408|test|17|306083788|0|318536929|1229506525|378531528|351970098|69632681|44630043|0|0|1|500760576|0|||0|0|108560792.004|58760958.739|8053290.067|13029|0|0|0|2022-04-18 21:24:12.572335+02
465|1650316960.127238|2022-04-18 23:22:40.127238+02|16408|test|17|306092413|0|318545916|1229593501|378549104|351987522|69641303|44638665|0|0|1|500760576|0|||0|0|108574383.861|58772148.084|8054886.113|13030|0|0|0|2022-04-18 21:24:12.572335+02
466|1650316961.136645|2022-04-18 23:22:41.136645+02|16408|test|17|306102273|0|318556296|1229693015|378570524|352007450|69651156|44648518|0|0|1|500760576|0|||0|0|108592991.673|58787962.704|8056739.193|13033|0|0|0|2022-04-18 21:24:12.572335+02
467|1650316962.156539|2022-04-18 23:22:42.156539+02|16408|test|17|306114352|0|318568863|1229814870|378595103|352031794|69663231|44660593|0|0|1|500760576|0|||0|0|108609032.193|58800555.83|8059042.921|13035|0|0|0|2022-04-18 21:24:12.572335+02
468|1650316963.176834|2022-04-18 23:22:43.176834+02|16408|test|17|306126944|0|318581966|1229941573|378620691|352057164|69675819|44673181|0|0|1|500760576|0|||0|0|108625075.019|58813033.243|8061421.721|13037|0|0|0|2022-04-18 21:24:12.572335+02
469|1650316964.196661|2022-04-18 23:22:44.196661+02|16408|test|17|306137366|0|318592861|1230046486|378641909|352078194|69686237|44683599|0|0|1|500760576|0|||0|0|108641215.961|58826151.625|8063475.835|13039|0|0|0|2022-04-18 21:24:12.572335+02
470|1650316965.216851|2022-04-18 23:22:45.216851+02|16408|test|17|306149272|0|318605352|1230166531|378666152|352102192|69698139|44695501|0|0|1|500760576|0|||0|0|108657259.711|58839008.357|8065548.58|13041|0|0|0|2022-04-18 21:24:12.572335+02
471|1650316966.237905|2022-04-18 23:22:46.237905+02|16408|test|17|306158117|0|318614651|1230255955|378684200|352120068|69706980|44704342|0|0|1|500760576|0|||0|0|108673343.117|58852854.324|8066860.796|13043|0|0|0|2022-04-18 21:24:12.572335+02
472|1650316967.258206|2022-04-18 23:22:47.258206+02|16408|test|17|306163065|0|318619841|1230305999|378694405|352130150|69711924|44709286|0|0|1|500760576|0|||0|0|108690541.107|58868744.747|8067662.582|13045|0|0|0|2022-04-18 21:24:12.572335+02
473|1650316968.279183|2022-04-18 23:22:48.279183+02|16408|test|17|306172131|0|318629283|1230397351|378712914|352148468|69720986|44718348|0|0|1|500760576|0|||0|0|108706589.734|58882511.677|8069013.805|13047|0|0|0|2022-04-18 21:24:12.572335+02
474|1650316969.299513|2022-04-18 23:22:49.299513+02|16408|test|17|306181225|0|318638821|1230488880|378731467|352166842|69730076|44727438|0|0|1|500760576|0|||0|0|108722650.869|58896392.103|8070324.184|13049|0|0|0|2022-04-18 21:24:12.572335+02
475|1650316970.320452|2022-04-18 23:22:50.320452+02|16408|test|17|306190618|0|318648659|1230583367|378750621|352185814|69739465|44736827|0|0|1|500760576|0|||0|0|108738690.98|58910184.341|8071664.876|13051|0|0|0|2022-04-18 21:24:12.572335+02
476|1650316971.341613|2022-04-18 23:22:51.341613+02|16408|test|17|306200144|0|318658597|1230679265|378770052|352205052|69748987|44746349|0|0|1|500760576|0|||0|0|108754742.155|58923921.221|8073056.116|13053|0|0|0|2022-04-18 21:24:12.572335+02
477|1650316972.361792|2022-04-18 23:22:52.361792+02|16408|test|17|306208123|0|318666868|1230759756|378786358|352221196|69756962|44754324|0|0|1|500760576|0|||0|0|108772761.39|58940085.016|8074133.951|13055|0|0|0|2022-04-18 21:24:12.572335+02
478|1650316973.382282|2022-04-18 23:22:53.382282+02|16408|test|17|306218071|0|318677207|1230860140|378806627|352241278|69766906|44764268|0|0|1|500760576|0|||0|0|108788796.85|58953762.705|8075537.676|13057|0|0|0|2022-04-18 21:24:12.572335+02
479|1650316974.403001|2022-04-18 23:22:54.403001+02|16408|test|17|306226617|0|318686135|1230946315|378824064|352258556|69775448|44772810|0|0|1|500760576|0|||0|0|108804833.625|58967725.771|8076788.829|13059|0|0|0|2022-04-18 21:24:12.572335+02
480|1650316975.422747|2022-04-18 23:22:55.422747+02|16408|test|17|306236621|0|318696532|1231047184|378844446|352278750|69785448|44782810|0|0|1|500760576|0|||0|0|108820912.281|58981356.025|8078279.58|13061|0|0|0|2022-04-18 21:24:12.572335+02
481|1650316976.443882|2022-04-18 23:22:56.443882+02|16408|test|17|306245181|0|318705443|1231133573|378861913|352296056|69794004|44791366|0|0|1|500760576|0|||0|0|108837058.547|58995376.989|8079567.507|13063|0|0|0|2022-04-18 21:24:12.572335+02
482|1650316977.465168|2022-04-18 23:22:57.465168+02|16408|test|17|306255602|0|318716337|1231238647|378883153|352317084|69804421|44801783|0|0|1|500760576|0|||0|0|108853157.651|59009014.682|8081030.363|13065|0|0|0|2022-04-18 21:24:12.572335+02
483|1650316978.485388|2022-04-18 23:22:58.485388+02|16408|test|17|306263867|0|318725005|1231322094|378900036|352333800|69812682|44810044|0|0|1|500760576|0|||0|0|108869226.367|59022922.793|8082381.529|13067|0|0|0|2022-04-18 21:24:12.572335+02
484|1650316979.507782|2022-04-18 23:22:59.507782+02|16408|test|17|306274999|0|318736606|1231434141|378922711|352356250|69823810|44821172|0|0|1|500760576|0|||0|0|108885266.992|59036126.049|8084136.01|13069|0|0|0|2022-04-18 21:24:12.572335+02
485|1650316980.528736|2022-04-18 23:23:00.528736+02|16408|test|17|306283041|0|318745029|1231515312|378939151|352372520|69831848|44829210|0|0|1|500760576|0|||0|0|108901317.167|59050209.498|8085334.801|13071|0|0|0|2022-04-18 21:24:12.572335+02
486|1650316981.550931|2022-04-18 23:23:01.550931+02|16408|test|17|306294269|0|318756762|1231628452|378962010|352395162|69843072|44840434|0|0|1|500760576|0|||0|0|108917361.309|59063394.413|8087125.564|13073|0|0|0|2022-04-18 21:24:12.572335+02
487|1650316982.572576|2022-04-18 23:23:02.572576+02|16408|test|17|306303803|0|318766750|1231724451|378981459|352414416|69852602|44849964|0|0|1|500760576|0|||0|0|108933430.854|59076988.032|8088674.386|13075|0|0|0|2022-04-18 21:24:12.572335+02
488|1650316983.592723|2022-04-18 23:23:03.592723+02|16408|test|17|306315001|0|318778467|1231837309|379004241|352436998|69863796|44861158|0|0|1|500760576|0|||0|0|108949474.768|59090190.401|8090450.262|13077|0|0|0|2022-04-18 21:24:12.572335+02
489|1650316984.612873|2022-04-18 23:23:04.612873+02|16408|test|17|306321233|0|318784962|1231900138|379017007|352449648|69870024|44867386|0|0|1|500760576|0|||0|0|108965775.01|59104732.083|8091550.535|13079|0|0|0|2022-04-18 21:24:12.572335+02
490|1650316985.633241|2022-04-18 23:23:05.633241+02|16408|test|17|306332886|0|318797075|1232017646|379040721|352473140|69881673|44879035|0|0|1|500760576|0|||0|0|108981824.02|59117742.752|8093469.148|13081|0|0|0|2022-04-18 21:24:12.572335+02
491|1650316986.654302|2022-04-18 23:23:06.654302+02|16408|test|17|306344702|0|318809318|1232136516|379064752|352496958|69893485|44890847|0|0|1|500760576|0|||0|0|108997864.741|59130723.023|8095383.839|13083|0|0|0|2022-04-18 21:24:12.572335+02
492|1650316987.675637|2022-04-18 23:23:07.675637+02|16408|test|17|306356322|0|318821379|1232253806|379088421|352520384|69905101|44902463|0|0|1|500760576|0|||0|0|109013916.235|59143646.132|8097378.531|13085|0|0|0|2022-04-18 21:24:12.572335+02
493|1650316988.696770|2022-04-18 23:23:08.69677+02|16408|test|17|306365371|0|318830821|1232345016|379106876|352538668|69914146|44911508|0|0|1|500760576|0|||0|0|109029954.915|59157308.41|8098864.705|13087|0|0|0|2022-04-18 21:24:12.572335+02
494|1650316989.716904|2022-04-18 23:23:09.716904+02|16408|test|17|306377310|0|318843253|1232465417|379131162|352562732|69926081|44923443|0|0|1|500760576|0|||0|0|109045997.275|59170006.721|8101016.419|13089|0|0|0|2022-04-18 21:24:12.572335+02
495|1650316990.737660|2022-04-18 23:23:10.73766+02|16408|test|17|306384911|0|318851199|1232542090|379146699|352578120|69933678|44931040|0|0|1|500760576|0|||0|0|109063790.252|59185658.409|8102399.786|13091|0|0|0|2022-04-18 21:24:12.572335+02
496|1650316991.759553|2022-04-18 23:23:11.759553+02|16408|test|17|306397635|0|318864528|1232670216|379172596|352603754|69946398|44943760|0|0|1|500760576|0|||0|0|109079828.522|59198205.748|8104658.376|13093|0|0|0|2022-04-18 21:24:12.572335+02
497|1650316992.780596|2022-04-18 23:23:12.780596+02|16408|test|17|306410408|0|318877845|1232798805|379198561|352629486|69959167|44956529|0|0|1|500760576|0|||0|0|109095863.164|59210644.714|8106988.649|13095|0|0|0|2022-04-18 21:24:12.572335+02
498|1650316993.801225|2022-04-18 23:23:13.801225+02|16408|test|17|306423253|0|318891160|1232928163|379224656|352655362|69972008|44969370|0|0|1|500760576|0|||0|0|109112016.722|59223137.819|8109360.765|13097|0|0|0|2022-04-18 21:24:12.572335+02
499|1650316994.822840|2022-04-18 23:23:14.82284+02|16408|test|17|306437813|0|318906279|1233074775|379254233|352684668|69986564|44983926|0|0|1|500760576|0|||0|0|109131589.512|59238737.453|8111907.961|13099|0|0|0|2022-04-18 21:24:12.572335+02
500|1650316995.843628|2022-04-18 23:23:15.843628+02|16408|test|17|306444587|0|318913376|1233143162|379268089|352698402|69993334|44990696|0|0|1|500760576|0|||0|0|109144751.67|59250070.171|8113071.575|13101|0|0|0|2022-04-18 21:24:12.572335+02
501|1650316996.865091|2022-04-18 23:23:16.865091+02|16408|test|17|306455644|0|318924762|1233254699|379290606|352720702|70004387|45001749|0|0|1|500760576|0|||0|0|109160782.869|59263003.304|8115072.593|13103|0|0|0|2022-04-18 21:24:12.572335+02
502|1650316997.885912|2022-04-18 23:23:17.885912+02|16408|test|17|306474318|0|318944164|1233442919|379328537|352758236|70023057|45020419|0|0|1|500760576|0|||0|0|109182327.988|59279164.501|8118646.983|13105|0|0|0|2022-04-18 21:24:12.572335+02
503|1650316998.908265|2022-04-18 23:23:18.908265+02|16408|test|17|306487367|0|318957828|1233574164|379355041|352784520|70036102|45033464|0|0|1|500760576|0|||0|0|109198399.055|59291578.913|8121050.532|13107|0|0|0|2022-04-18 21:24:12.572335+02
504|1650316999.930293|2022-04-18 23:23:19.930293+02|16408|test|17|306500620|0|318971674|1233707506|379381967|352811212|70049351|45046713|0|0|1|500760576|0|||0|0|109215518.426|59304890.205|8123568.338|13109|0|0|0|2022-04-18 21:24:12.572335+02
505|1650317000.952484|2022-04-18 23:23:20.952484+02|16408|test|17|306509846|0|318981309|1233800490|379400778|352829850|70058573|45055935|0|0|1|500760576|0|||0|0|109231634.536|59318384.265|8125262.758|13111|0|0|0|2022-04-18 21:24:12.572335+02
506|1650317001.972142|2022-04-18 23:23:21.972142+02|16408|test|17|306522369|0|318994380|1233926540|379426256|352855082|70071092|45068454|0|0|1|500760576|0|||0|0|109247669.501|59330801.35|8127641.852|13113|0|0|0|2022-04-18 21:24:12.572335+02
507|1650317002.993319|2022-04-18 23:23:22.993319+02|16408|test|17|306536386|0|319009010|1234067603|379454738|352883302|70085105|45082467|0|0|1|500760576|0|||0|0|109263702.553|59342760.835|8130316.474|13115|0|0|0|2022-04-18 21:24:12.572335+02
508|1650317004.014725|2022-04-18 23:23:24.014725+02|16408|test|17|306551443|0|319024747|1234219406|379485339|352913602|70100158|45097520|0|0|1|500760576|0|||0|0|109280235.775|59355024.782|8133103.403|13117|0|0|0|2022-04-18 21:24:12.572335+02
509|1650317005.037544|2022-04-18 23:23:25.037544+02|16408|test|17|306562386|0|319036111|1234329460|379507606|352935674|70111097|45108459|0|0|1|500760576|0|||0|0|109296297.686|59367950.611|8135178.254|13119|0|0|0|2022-04-18 21:24:12.572335+02
510|1650317006.059592|2022-04-18 23:23:26.059592+02|16408|test|17|306574292|0|319048561|1234449203|379531809|352959672|70122999|45120361|0|0|1|500760576|0|||0|0|109312008.488|59380343.85|8137360.805|13121|0|0|0|2022-04-18 21:24:12.572335+02
511|1650317007.080478|2022-04-18 23:23:27.080478+02|16408|test|17|306584744|0|319059386|1234554616|379553110|352980762|70133447|45130809|0|0|1|500760576|0|||0|0|109328173.647|59393466.561|8139391.373|13123|0|0|0|2022-04-18 21:24:12.572335+02
512|1650317008.101782|2022-04-18 23:23:28.101782+02|16408|test|17|306599513|0|319074649|1234703427|379583090|353010486|70148212|45145574|0|0|1|500760576|0|||0|0|109344210.546|59405282.935|8142164.247|13125|0|0|0|2022-04-18 21:24:12.572335+02
513|1650317009.123621|2022-04-18 23:23:29.123621+02|16408|test|17|306613750|0|319089640|1234846856|379612025|353039146|70162445|45159807|0|0|1|500760576|0|||0|0|109360245.796|59417205.19|8144894.962|13127|0|0|0|2022-04-18 21:24:12.572335+02
514|1650317010.145453|2022-04-18 23:23:30.145453+02|16408|test|17|306625791|0|319102094|1234968004|379636517|353063414|70174482|45171844|0|0|1|500760576|0|||0|0|109377346.774|59430867.408|8147165.634|13129|0|0|0|2022-04-18 21:24:12.572335+02
515|1650317011.165904|2022-04-18 23:23:31.165904+02|16408|test|17|306639981|0|319116797|1235110644|379665346|353091980|70188668|45186030|0|0|1|500760576|0|||0|0|109393848.981|59443211.182|8149958.673|13131|0|0|0|2022-04-18 21:24:12.572335+02
516|1650317012.187281|2022-04-18 23:23:32.187281+02|16408|test|17|306648588|0|319125779|1235197357|379682925|353109380|70197271|45194633|0|0|1|500760576|0|||0|0|109410005.801|59456820.021|8151647.578|13133|0|0|0|2022-04-18 21:24:12.572335+02
517|1650317013.208682|2022-04-18 23:23:33.208682+02|16408|test|17|306663288|0|319141102|1235345303|379712796|353138966|70211967|45209329|0|0|1|500760576|0|||0|0|109426050.95|59468638.593|8154437.33|13135|0|0|0|2022-04-18 21:24:12.572335+02
518|1650317014.231298|2022-04-18 23:23:34.231298+02|16408|test|17|306677271|0|319155666|1235486013|379741178|353167118|70225946|45223308|0|0|1|500760576|0|||0|0|109442087.822|59480659.243|8157099.747|13137|0|0|0|2022-04-18 21:24:12.572335+02
519|1650317015.252178|2022-04-18 23:23:35.252178+02|16408|test|17|306687873|0|319166750|1235592873|379762763|353188508|70236544|45233906|0|0|1|500760576|0|||0|0|109458169.41|59493761.417|8159061.177|13139|0|0|0|2022-04-18 21:24:12.572335+02
520|1650317016.273587|2022-04-18 23:23:36.273587+02|16408|test|17|306701487|0|319180917|1235729828|379790430|353215922|70250154|45247516|0|0|1|500760576|0|||0|0|109474206.105|59505894.782|8161668.787|13141|0|0|0|2022-04-18 21:24:12.572335+02
521|1650317017.294639|2022-04-18 23:23:37.294639+02|16408|test|17|306708886|0|319188626|1235804388|379805525|353230906|70257549|45254911|0|0|1|500760576|0|||0|0|109490333.815|59519833.859|8163111.264|13143|0|0|0|2022-04-18 21:24:12.572335+02
522|1650317018.314770|2022-04-18 23:23:38.31477+02|16408|test|17|306722364|0|319202690|1235940055|379832916|353258048|70271023|45268385|0|0|1|500760576|0|||0|0|109506434.412|59532048.391|8165684.252|13145|0|0|0|2022-04-18 21:24:12.572335+02
523|1650317019.335128|2022-04-18 23:23:39.335128+02|16408|test|17|306736651|0|319217496|1236083880|379861937|353286808|70285306|45282668|0|0|1|500760576|0|||0|0|109522467.109|59544064.867|8168353.162|13147|0|0|0|2022-04-18 21:24:12.572335+02
524|1650317020.355827|2022-04-18 23:23:40.355827+02|16408|test|17|306743509|0|319224719|1236153147|379875955|353300698|70292161|45289523|0|0|1|500760576|0|||0|0|109530493.381|59550139.219|8169628.608|13148|0|0|0|2022-04-18 21:24:12.572335+02
525|1650317021.365741|2022-04-18 23:23:41.365741+02|16408|test|17|306760778|0|319242531|1236326876|379912289|353335444|70309423|45306785|0|0|1|500760576|0|||0|0|109554928.034|59569705.408|8172837.193|13151|0|0|0|2022-04-18 21:24:12.572335+02
526|1650317022.386388|2022-04-18 23:23:42.386388+02|16408|test|17|306770336|0|319252611|1236423066|379931766|353354746|70318977|45316339|0|0|1|500760576|0|||0|0|109571693.319|59583729.196|8174666.198|13153|0|0|0|2022-04-18 21:24:12.572335+02
527|1650317023.406521|2022-04-18 23:23:43.406521+02|16408|test|17|306781017|0|319263682|1236530765|379953521|353376294|70329654|45327016|0|0|1|500760576|0|||0|0|109587734.3|59596835.653|8176588.816|13155|0|0|0|2022-04-18 21:24:12.572335+02
528|1650317024.427160|2022-04-18 23:23:44.42716+02|16408|test|17|306793970|0|319277229|1236661068|379979866|353402386|70342603|45339965|0|0|1|500760576|0|||0|0|109603772.741|59609233.815|8179015.098|13157|0|0|0|2022-04-18 21:24:12.572335+02
529|1650317025.448232|2022-04-18 23:23:45.448232+02|16408|test|17|306807328|0|319291087|1236795707|380007006|353429288|70355957|45353319|0|0|1|500760576|0|||0|0|109619811.868|59621462.632|8181550.261|13159|0|0|0|2022-04-18 21:24:12.572335+02
530|1650317026.468443|2022-04-18 23:23:46.468443+02|16408|test|17|306817739|0|319301950|1236900519|380028189|353450296|70366364|45363726|0|0|1|500760576|0|||0|0|109635909.642|59634681.322|8183443.589|13161|0|0|0|2022-04-18 21:24:12.572335+02
531|1650317027.489094|2022-04-18 23:23:47.489094+02|16408|test|17|306830887|0|319315654|1237032775|380054902|353476778|70379508|45376870|0|0|1|500760576|0|||0|0|109651947.922|59646932.672|8185984.225|13163|0|0|0|2022-04-18 21:24:12.572335+02
532|1650317028.510140|2022-04-18 23:23:48.51014+02|16408|test|17|306837869|0|319322998|1237103059|380069178|353490928|70386486|45383848|0|0|1|500760576|0|||0|0|109668089.187|59661098.157|8187300.491|13165|0|0|0|2022-04-18 21:24:12.572335+02
533|1650317029.530969|2022-04-18 23:23:49.530969+02|16408|test|17|306851037|0|319336647|1237235671|380095939|353517450|70399650|45397012|0|0|1|500760576|0|||0|0|109684136.149|59673406.083|8189800.01|13167|0|0|0|2022-04-18 21:24:12.572335+02
534|1650317030.551002|2022-04-18 23:23:50.551002+02|16408|test|17|306864133|0|319350331|1237367405|380122527|353543828|70412742|45410104|0|0|1|500760576|0|||0|0|109700193.798|59685806.691|8192251.688|13169|0|0|0|2022-04-18 21:24:12.572335+02
535|1650317031.571641|2022-04-18 23:23:51.571641+02|16408|test|17|306877731|0|319364398|1237504119|380150143|353571210|70426336|45423698|0|0|1|500760576|0|||0|0|109716231.003|59698059.001|8194749.386|13171|0|0|0|2022-04-18 21:24:12.572335+02
536|1650317032.592592|2022-04-18 23:23:52.592592+02|16408|test|17|306893385|0|319380808|1237661560|380181937|353602704|70441986|45439348|0|0|1|500760576|0|||0|0|109738275.674|59715849.034|8197561.854|13173|0|0|0|2022-04-18 21:24:12.572335+02
537|1650317033.613193|2022-04-18 23:23:53.613193+02|16408|test|17|306901889|0|319389700|1237747278|380199292|353619898|70450486|45447848|0|0|1|500760576|0|||0|0|109754630.157|59729818.996|8199119.222|13175|0|0|0|2022-04-18 21:24:12.572335+02
538|1650317034.634089|2022-04-18 23:23:54.634089+02|16408|test|17|306914173|0|319402559|1237870973|380224266|353644652|70462766|45460128|0|0|1|500760576|0|||0|0|109771674.83|59743293.727|8201513.714|13177|0|0|0|2022-04-18 21:24:12.572335+02
539|1650317035.654531|2022-04-18 23:23:55.654531+02|16408|test|17|306927465|0|319416432|1238004747|380251286|353671422|70476054|45473416|0|0|1|500760576|0|||0|0|109787723.593|59755640.603|8203961.805|13179|0|0|0|2022-04-18 21:24:12.572335+02
540|1650317036.675536|2022-04-18 23:23:56.675536+02|16408|test|17|306940912|0|319430465|1238140124|380278617|353698502|70489497|45486859|0|0|1|500760576|0|||0|0|109803756.33|59768027.467|8206379.094|13181|0|0|0|2022-04-18 21:24:12.572335+02
541|1650317037.696428|2022-04-18 23:23:57.696428+02|16408|test|17|306951344|0|319441433|1238245127|380299862|353719552|70499925|45497287|0|0|1|500760576|0|||0|0|109820137.549|59781481.152|8208318.761|13183|0|0|0|2022-04-18 21:24:12.572335+02
542|1650317038.717125|2022-04-18 23:23:58.717125+02|16408|test|17|306964508|0|319455083|1238377624|380326600|353746066|70513085|45510447|0|0|1|500760576|0|||0|0|109836183.605|59793867.908|8210756.826|13185|0|0|0|2022-04-18 21:24:12.572335+02
543|1650317039.737360|2022-04-18 23:23:59.73736+02|16408|test|17|306966962|0|319457705|1238402596|380331749|353751160|70515535|45512897|0|0|1|500760576|0|||0|0|109846848.225|59803835.17|8211208.013|13187|0|0|0|2022-04-18 21:24:12.572335+02
544|1650317040.757978|2022-04-18 23:24:00.757978+02|16408|test|17|306983594|0|319475132|1238569853|380365502|353784610|70532163|45529525|0|0|1|500760576|0|||0|0|109868398.833|59820710.566|8214297.927|13189|0|0|0|2022-04-18 21:24:12.572335+02
545|1650317041.778040|2022-04-18 23:24:01.77804+02|16408|test|17|306998127|0|319490321|1238715926|380394985|353813862|70546692|45544054|0|0|1|500760576|0|||0|0|109886953.653|59835237.141|8216959.197|13191|0|0|0|2022-04-18 21:24:12.572335+02
546|1650317042.799541|2022-04-18 23:24:02.799541+02|16408|test|17|307008799|0|319501448|1238823272|380416699|353835392|70557360|45554722|0|0|1|500760576|0|||0|0|109900485.961|59845771.649|8218960.588|13193|0|0|0|2022-04-18 21:24:12.572335+02
547|1650317043.821742|2022-04-18 23:24:03.821742+02|16408|test|17|307018602|0|319511729|1238922071|380436672|353855184|70567159|45564521|0|0|1|500760576|0|||0|0|109916827.214|59859376.638|8220787.242|13195|0|0|0|2022-04-18 21:24:12.572335+02
548|1650317044.843669|2022-04-18 23:24:04.843669+02|16408|test|17|307030596|0|319524278|1239042710|380461050|353879358|70579149|45576511|0|0|1|500760576|0|||0|0|109933559.968|59872797.181|8222992.633|13197|0|0|0|2022-04-18 21:24:12.572335+02
549|1650317045.864748|2022-04-18 23:24:05.864748+02|16408|test|17|307039931|0|319534148|1239136734|380480090|353898214|70588480|45585842|0|0|1|500760576|0|||0|0|109952132.538|59888698.538|8224772.721|13199|0|0|0|2022-04-18 21:24:12.572335+02
550|1650317046.885019|2022-04-18 23:24:06.885019+02|16408|test|17|307052157|0|319546845|1239259683|380504922|353922852|70600702|45598064|0|0|1|500760576|0|||0|0|109968177.769|59901285.646|8227084.543|13201|0|0|0|2022-04-18 21:24:12.572335+02
551|1650317047.905672|2022-04-18 23:24:07.905672+02|16408|test|17|307064551|0|319559777|1239384502|380530101|353947826|70613092|45610454|0|0|1|500760576|0|||0|0|109984219.807|59913838.7|8229429.719|13203|0|0|0|2022-04-18 21:24:12.572335+02
552|1650317048.926514|2022-04-18 23:24:08.926514+02|16408|test|17|307076384|0|319572030|1239503521|380554173|353971678|70624921|45622283|0|0|1|500760576|0|||0|0|110000343.183|59926767.459|8231573.478|13205|0|0|0|2022-04-18 21:24:12.572335+02
553|1650317049.947491|2022-04-18 23:24:09.947491+02|16408|test|17|307086775|0|319582761|1239608467|380575338|353992646|70635308|45632670|0|0|1|500760576|0|||0|0|110016380.191|59939964.23|8233436.898|13207|0|0|0|2022-04-18 21:24:12.572335+02
554|1650317050.967338|2022-04-18 23:24:10.967338+02|16408|test|17|307097381|0|319593932|1239715008|380596929|354014044|70645910|45643272|0|0|1|500760576|0|||0|0|110032496.348|59953127.867|8235404.343|13209|0|0|0|2022-04-18 21:24:12.572335+02
555|1650317051.987363|2022-04-18 23:24:11.987363+02|16408|test|17|307105128|0|319601992|1239793191|380612771|354029724|70653653|45651015|0|0|1|500760576|0|||0|0|110048536.135|59967025.682|8236823.512|13211|0|0|0|2022-04-18 21:24:12.572335+02
556|1650317053.007693|2022-04-18 23:24:13.007693+02|16408|test|17|307116719|0|319614042|1239909978|380636333|354053092|70665240|45662602|0|0|1|500760576|0|||0|0|110064585.366|59979936.199|8238894.329|13213|0|0|0|2022-04-18 21:24:12.572335+02
557|1650317054.027275|2022-04-18 23:24:14.027275+02|16408|test|17|307128149|0|319625958|1240025108|380659599|354076138|70676666|45674028|0|0|1|500760576|0|||0|0|110080628.929|59992819.699|8240972.655|13215|0|0|0|2022-04-18 21:24:12.572335+02
558|1650317055.048422|2022-04-18 23:24:15.048422+02|16408|test|17|307139658|0|319637933|1240140961|380683018|354099342|70688171|45685533|0|0|1|500760576|0|||0|0|110096670.331|60005733.945|8243033.107|13217|0|0|0|2022-04-18 21:24:12.572335+02
559|1650317056.069343|2022-04-18 23:24:16.069343+02|16408|test|17|307148547|0|319647214|1240230434|380701123|354117306|70697056|45694418|0|0|1|500760576|0|||0|0|110112712.864|60019395.744|8244593.592|13219|0|0|0|2022-04-18 21:24:12.572335+02
560|1650317057.089483|2022-04-18 23:24:17.089483+02|16408|test|17|307160056|0|319659318|1240346165|380724536|354140510|70708561|45705923|0|0|1|500760576|0|||0|0|110128757.017|60032271.08|8246674.016|13221|0|0|0|2022-04-18 21:24:12.572335+02
561|1650317058.110504|2022-04-18 23:24:18.110504+02|16408|test|17|307166823|0|319666389|1240414430|380738376|354154230|70715324|45712686|0|0|1|500760576|0|||0|0|110146260.754|60047897.069|8247900.806|13223|0|0|0|2022-04-18 21:24:12.572335+02
562|1650317059.130718|2022-04-18 23:24:19.130718+02|16408|test|17|307178959|0|319679182|1240536638|380763021|354178688|70727456|45724818|0|0|1|500760576|0|||0|0|110162301.696|60060648.835|8250085.372|13225|0|0|0|2022-04-18 21:24:12.572335+02
563|1650317060.150814|2022-04-18 23:24:20.150814+02|16408|test|17|307191094|0|319691741|1240658656|380787678|354203144|70739587|45736949|0|0|1|500760576|0|||0|0|110178332.816|60073250.15|8252375.866|13227|0|0|0|2022-04-18 21:24:12.572335+02
564|1650317061.171531|2022-04-18 23:24:21.171531+02|16408|test|17|307202615|0|319703813|1240774319|380811097|354226372|70751104|45748466|0|0|1|500760576|0|||0|0|110194381.032|60086149.183|8254468.817|13229|0|0|0|2022-04-18 21:24:12.572335+02
565|1650317062.191664|2022-04-18 23:24:22.191664+02|16408|test|17|307211422|0|319712979|1240863011|380829055|354244172|70759907|45757269|0|0|1|500760576|0|||0|0|110211019.337|60100573.749|8255892.554|13231|0|0|0|2022-04-18 21:24:12.572335+02
566|1650317063.212417|2022-04-18 23:24:23.212417+02|16408|test|17|307222736|0|319724766|1240976920|380852062|354266986|70771217|45768579|0|0|1|500760576|0|||0|0|110227063.978|60113519.648|8257947.051|13233|0|0|0|2022-04-18 21:24:12.572335+02
567|1650317064.233061|2022-04-18 23:24:24.233061+02|16408|test|17|307229227|0|319731534|1241042529|380865352|354280154|70777704|45775066|0|0|1|500760576|0|||0|0|110243191.827|60127816.43|8259123.876|13235|0|0|0|2022-04-18 21:24:12.572335+02
568|1650317065.253555|2022-04-18 23:24:25.253555+02|16408|test|17|307238932|0|319741566|1241140074|380885086|354299750|70787405|45784767|0|0|1|500760576|0|||0|0|110259237.91|60141230.319|8260840.464|13237|0|0|0|2022-04-18 21:24:12.572335+02
569|1650317066.273906|2022-04-18 23:24:26.273906+02|16408|test|17|307251976|0|319755197|1241271344|380911601|354326024|70800445|45797807|0|0|1|500760576|0|||0|0|110275286.52|60153779.775|8263168.901|13239|0|0|0|2022-04-18 21:24:12.572335+02
570|1650317067.294318|2022-04-18 23:24:27.294318+02|16408|test|17|307264014|0|319767776|1241392328|380936087|354350286|70812479|45809841|0|0|1|500760576|0|||0|0|110291333.064|60166526.752|8265351.438|13241|0|0|0|2022-04-18 21:24:12.572335+02
571|1650317068.316047|2022-04-18 23:24:28.316047+02|16408|test|17|307273535|0|319777685|1241488340|380955479|354369514|70821996|45819358|0|0|1|500760576|0|||0|0|110307416.654|60179976.447|8267099.316|13243|0|0|0|2022-04-18 21:24:12.572335+02
572|1650317069.336555|2022-04-18 23:24:29.336555+02|16408|test|17|307285254|0|319789834|1241606236|380979290|354393138|70833711|45831073|0|0|1|500760576|0|||0|0|110323461.845|60192995.799|8269086.153|13245|0|0|0|2022-04-18 21:24:12.572335+02
573|1650317070.356932|2022-04-18 23:24:30.356932+02|16408|test|17|307294578|0|319799568|1241700305|380998305|354411972|70843031|45840393|0|0|1|500760576|0|||0|0|110340935.956|60207988.608|8270728.476|13247|0|0|0|2022-04-18 21:24:12.572335+02
574|1650317071.377430|2022-04-18 23:24:31.37743+02|16408|test|17|307304794|0|319810187|1241803137|381019091|354432590|70853243|45850605|0|0|1|500760576|0|||0|0|110356975.156|60221263.243|8272536.944|13249|0|0|0|2022-04-18 21:24:12.572335+02
575|1650317072.398200|2022-04-18 23:24:32.3982+02|16408|test|17|307317740|0|319823723|1241933309|381045380|354458668|70866185|45863547|0|0|1|500760576|0|||0|0|110373008.785|60233612.77|8275011.765|13251|0|0|0|2022-04-18 21:24:12.572335+02
576|1650317073.418860|2022-04-18 23:24:33.41886+02|16408|test|17|307330570|0|319837147|1242062214|381071435|354484514|70879011|45876373|0|0|1|500760576|0|||0|0|110389044.548|60246066.379|8277396.868|13253|0|0|0|2022-04-18 21:24:12.572335+02
577|1650317074.438833|2022-04-18 23:24:34.438833+02|16408|test|17|307340581|0|319847718|1242163193|381091812|354504722|70889018|45886380|0|0|1|500760576|0|||0|0|110405093.938|60259297.508|8279261.205|13255|0|0|0|2022-04-18 21:24:12.572335+02
578|1650317075.458949|2022-04-18 23:24:35.458949+02|16408|test|17|307353149|0|319860859|1242289414|381117354|354530044|70901582|45898944|0|0|1|500760576|0|||0|0|110421176.819|60271992.418|8281522.015|13257|0|0|0|2022-04-18 21:24:12.572335+02
579|1650317076.480138|2022-04-18 23:24:36.480138+02|16408|test|17|307361246|0|319869272|1242370899|381133872|354546424|70909675|45907037|0|0|1|500760576|0|||0|0|110439364.715|60287891.021|8283018.822|13259|0|0|0|2022-04-18 21:24:12.572335+02
580|1650317077.501123|2022-04-18 23:24:37.501123+02|16408|test|17|307374203|0|319882648|1242501181|381160187|354572524|70922628|45919990|0|0|1|500760576|0|||0|0|110455404.956|60300482.296|8285302.548|13261|0|0|0|2022-04-18 21:24:12.572335+02
581|1650317078.521037|2022-04-18 23:24:38.521037+02|16408|test|17|307387106|0|319896097|1242630681|381186373|354598516|70935527|45932889|0|0|1|500760576|0|||0|0|110471446.914|60312905.609|8287719.989|13263|0|0|0|2022-04-18 21:24:12.572335+02
582|1650317079.541206|2022-04-18 23:24:39.541206+02|16408|test|17|307399800|0|319909286|1242758422|381212163|354624090|70948217|45945579|0|0|1|500760576|0|||0|0|110487517.548|60325420.829|8290102.948|13265|0|0|0|2022-04-18 21:24:12.572335+02
583|1650317080.561432|2022-04-18 23:24:40.561432+02|16408|test|18|307404608|0|319914315|1242806937|381222030|354633880|70953022|45950384|0|0|1|500760576|0|||0|0|110495882.588|60332457.947|8290978.212|13266|0|0|0|2022-04-18 21:24:12.572335+02
584|1650317081.572823|2022-04-18 23:24:41.572823+02|16408|test|18|307417488|0|319927759|1242938068|381248446|354659838|70965897|45963259|0|0|1|500760576|0|||0|0|110520269.853|60353174.518|8293332.516|13269|0|0|0|2022-04-18 21:24:12.572335+02
585|1650317082.593635|2022-04-18 23:24:42.593635+02|16408|test|18|307428381|0|319939202|1243052317|381271402|354681810|70976786|45974148|0|0|1|500760576|0|||0|0|110536334.871|60366071.563|8295401.966|13271|0|0|0|2022-04-18 21:24:12.572335+02
586|1650317083.613772|2022-04-18 23:24:43.613772+02|16408|test|17|307438330|0|319974450|1243161443|381293771|354702240|70986727|45984093|0|0|1|500760576|0|||0|0|110552517.903|60379263.706|8297362.263|13273|0|0|0|2022-04-18 21:24:12.572335+02
587|1650317084.635403|2022-04-18 23:24:44.635403+02|16408|test|17|307450733|0|319987431|1243286050|381318996|354727232|70999126|45996492|0|0|1|500760576|0|||0|0|110568568.38|60391871.085|8299661.695|13275|0|0|0|2022-04-18 21:24:12.572335+02
588|1650317085.656233|2022-04-18 23:24:45.656233+02|16408|test|17|307461218|0|319998342|1243391545|381340312|354748388|71009607|46006973|0|0|1|500760576|0|||0|0|110584620.773|60405058.508|8301543.366|13277|0|0|0|2022-04-18 21:24:12.572335+02
589|1650317086.676292|2022-04-18 23:24:46.676292+02|16408|test|17|307471201|0|320008733|1243492152|381360644|354768540|71019586|46016952|0|0|1|500760576|0|||0|0|110600768.298|60418418.072|8303365.24|13279|0|0|0|2022-04-18 21:24:12.572335+02
590|1650317087.696441|2022-04-18 23:24:47.696441+02|16408|test|17|307480128|0|320018032|1243581989|381378816|354786580|71028509|46025875|0|0|1|500760576|0|||0|0|110617312.21|60432490.142|8305004.983|13281|0|0|0|2022-04-18 21:24:12.572335+02
591|1650317088.716411|2022-04-18 23:24:48.716411+02|16408|test|17|307495090|0|320033563|1243732616|381409190|354816690|71043467|46040833|0|0|1|500760576|0|||0|0|110636381.365|60447289.505|8307875.198|13283|0|0|0|2022-04-18 21:24:12.572335+02
592|1650317089.737064|2022-04-18 23:24:49.737064+02|16408|test|17|307507123|0|320046070|1243853559|381433634|354840942|71055496|46052862|0|0|1|500760576|0|||0|0|110652426.559|60459942.77|8310137.54|13285|0|0|0|2022-04-18 21:24:12.572335+02
593|1650317090.758696|2022-04-18 23:24:50.758696+02|16408|test|17|307518394|0|320057932|1243966850|381456554|354863670|71066763|46064129|0|0|1|500760576|0|||0|0|110669499.256|60473879.282|8312226.133|13287|0|0|0|2022-04-18 21:24:12.572335+02
594|1650317091.779211|2022-04-18 23:24:51.779211+02|16408|test|17|307529325|0|320069314|1244076721|381478758|354885718|71077690|46075056|0|0|1|500760576|0|||0|0|110685606.187|60486906.74|8314286.928|13289|0|0|0|2022-04-18 21:24:12.572335+02
595|1650317092.800296|2022-04-18 23:24:52.800296+02|16408|test|17|307537585|0|320078065|1244159944|381495610|354902424|71085946|46083312|0|0|1|500760576|0|||0|0|110701660.72|60500629.399|8315829.266|13291|0|0|0|2022-04-18 21:24:12.572335+02
596|1650317093.820282|2022-04-18 23:24:53.820282+02|16408|test|17|307549943|0|320090943|1244284086|381520727|354927326|71098300|46095666|0|0|1|500760576|0|||0|0|110717717.309|60513247.607|8318126.441|13293|0|0|0|2022-04-18 21:24:12.572335+02
597|1650317094.840671|2022-04-18 23:24:54.840671+02|16408|test|17|307562685|0|320104334|1244412138|381546611|354952996|71111038|46108404|0|0|1|500760576|0|||0|0|110733749.849|60525667.236|8320553.855|13295|0|0|0|2022-04-18 21:24:12.572335+02
598|1650317095.859965|2022-04-18 23:24:55.859965+02|16408|test|17|307573540|0|320115638|1244521227|381568653|354974892|71121889|46119255|0|0|1|500760576|0|||0|0|110749872.211|60538703.832|8322613.292|13297|0|0|0|2022-04-18 21:24:12.572335+02
599|1650317096.881557|2022-04-18 23:24:56.881557+02|16408|test|17|307585268|0|320127827|1244639361|381592510|354998534|71133613|46130979|0|0|1|500760576|0|||0|0|110765913.259|60551750.044|8324583.652|13299|0|0|0|2022-04-18 21:24:12.572335+02
600|1650317097.902396|2022-04-18 23:24:57.902396+02|16408|test|17|307595090|0|320138012|1244738208|381612501|355018364|71143431|46140797|0|0|1|500760576|0|||0|0|110782671.78|60565675.303|8326490.382|13301|0|0|0|2022-04-18 21:24:12.572335+02
601|1650317098.923549|2022-04-18 23:24:58.923549+02|16408|test|17|307605855|0|320149051|1244846841|381634371|355040080|71154192|46151558|0|0|1|500760576|0|||0|0|110798716.533|60578754.078|8328452.902|13303|0|0|0|2022-04-18 21:24:12.572335+02
602|1650317099.943600|2022-04-18 23:24:59.9436+02|16408|test|17|307618824|0|320162556|1244977268|381660698|355066204|71167157|46164523|0|0|1|500760576|0|||0|0|110814760.434|60591113.413|8330934.45|13305|0|0|0|2022-04-18 21:24:12.572335+02
603|1650317100.964382|2022-04-18 23:25:00.964382+02|16408|test|17|307631875|0|320176208|1245108490|381687199|355092492|71180204|46177570|0|0|1|500760576|0|||0|0|110830796.927|60603559.173|8333335.573|13307|0|0|0|2022-04-18 21:24:12.572335+02
604|1650317101.985016|2022-04-18 23:25:01.985016+02|16408|test|17|307642093|0|320186960|1245211400|381708001|355113114|71190418|46187784|0|0|1|500760576|0|||0|0|110847397.611|60617468.685|8335096.772|13309|0|0|0|2022-04-18 21:24:12.572335+02
605|1650317103.006540|2022-04-18 23:25:03.00654+02|16408|test|17|307655193|0|320200592|1245343009|381734613|355139500|71203514|46200880|0|0|1|500760576|0|||0|0|110863441.669|60629901.809|8337507.543|13311|0|0|0|2022-04-18 21:24:12.572335+02
606|1650317104.027688|2022-04-18 23:25:04.027688+02|16408|test|17|307664274|0|320210069|1245434536|381753129|355157848|71212591|46209957|0|0|1|500760576|0|||0|0|110882518.736|60646580.035|8339087.463|13313|0|0|0|2022-04-18 21:24:12.572335+02
607|1650317105.048406|2022-04-18 23:25:05.048406+02|16408|test|17|307676962|0|320223281|1245562105|381778900|355183410|71225275|46222641|0|0|1|500760576|0|||0|0|110898564.624|60658958.076|8341551.381|13315|0|0|0|2022-04-18 21:24:12.572335+02
608|1650317106.068673|2022-04-18 23:25:06.068673+02|16408|test|17|307690058|0|320236945|1245693938|381805504|355209788|71238367|46235733|0|0|1|500760576|0|||0|0|110914602.31|60671245.738|8344061.632|13317|0|0|0|2022-04-18 21:24:12.572335+02
609|1650317107.089015|2022-04-18 23:25:07.089015+02|16408|test|17|307703061|0|320250564|1245824370|381831901|355235980|71251366|46248732|0|0|1|500760576|0|||0|0|110930647.548|60683622.487|8346519.689|13319|0|0|0|2022-04-18 21:24:12.572335+02
610|1650317108.108439|2022-04-18 23:25:08.108439+02|16408|test|17|307713044|0|320261058|1245924877|381852228|355256132|71261345|46258711|0|0|1|500760576|0|||0|0|110946694.352|60696910.692|8348336.503|13321|0|0|0|2022-04-18 21:24:12.572335+02
611|1650317109.128599|2022-04-18 23:25:09.128599+02|16408|test|17|307725089|0|320273507|1246045933|381876697|355280408|71273386|46270752|0|0|1|500760576|0|||0|0|110962982.7|60709824.863|8350612.501|13323|0|0|0|2022-04-18 21:24:12.572335+02
612|1650317110.147780|2022-04-18 23:25:10.14778+02|16408|test|17|307732842|0|320281561|1246123913|381892513|355296100|71281135|46278501|0|0|1|500760576|0|||0|0|110979022.164|60723714.844|8352054.129|13325|0|0|0|2022-04-18 21:24:12.572335+02
613|1650317111.169226|2022-04-18 23:25:11.169226+02|16408|test|17|307745759|0|320294918|1246253891|381918714|355322120|71294048|46291414|0|0|1|500760576|0|||0|0|110995069.252|60736259.034|8354326.52|13327|0|0|0|2022-04-18 21:24:12.572335+02
614|1650317112.189036|2022-04-18 23:25:12.189036+02|16408|test|17|307758734|0|320308488|1246384235|381945056|355348256|71307019|46304385|0|0|1|500760576|0|||0|0|111011114.244|60748682.014|8356749.306|13329|0|0|0|2022-04-18 21:24:12.572335+02
615|1650317113.210501|2022-04-18 23:25:13.210501+02|16408|test|17|307769641|0|320319909|1246493893|381967238|355370256|71317922|46315288|0|0|1|500760576|0|||0|0|111028176.112|60762706.145|8358810.446|13331|0|0|0|2022-04-18 21:24:12.572335+02
616|1650317114.230996|2022-04-18 23:25:14.230996+02|16408|test|17|307782710|0|320333409|1246625481|381993762|355396580|71330987|46328353|0|0|1|500760576|0|||0|0|111044220.168|60775230.412|8361165.428|13333|0|0|0|2022-04-18 21:24:12.572335+02
617|1650317115.252072|2022-04-18 23:25:15.252072+02|16408|test|17|307790879|0|320341968|1246707705|382010423|355413104|71339152|46336518|0|0|1|500760576|0|||0|0|111060381.699|60789134.588|8362651.169|13335|0|0|0|2022-04-18 21:24:12.572335+02
618|1650317116.272255|2022-04-18 23:25:16.272255+02|16408|test|17|307802379|0|320353978|1246823492|382033833|355436290|71350648|46348014|0|0|1|500760576|0|||0|0|111076419.555|60802120.028|8364653.733|13337|0|0|0|2022-04-18 21:24:12.572335+02
619|1650317117.291830|2022-04-18 23:25:17.29183+02|16408|test|17|307815138|0|320367185|1246951930|382059763|355461994|71363403|46360769|0|0|1|500760576|0|||0|0|111092462.735|60814571.944|8367045.569|13339|0|0|0|2022-04-18 21:24:12.572335+02
620|1650317118.312183|2022-04-18 23:25:18.312183+02|16408|test|17|307827827|0|320380456|1247079432|382085539|355487558|71376088|46373454|0|0|1|500760576|0|||0|0|111108509.72|60826972.256|8369487.723|13341|0|0|0|2022-04-18 21:24:12.572335+02
621|1650317119.333642|2022-04-18 23:25:19.333642+02|16408|test|17|307838026|0|320391080|1247182139|382106299|355508142|71386283|46383649|0|0|1|500760576|0|||0|0|111124545.786|60840295.033|8371278.819|13343|0|0|0|2022-04-18 21:24:12.572335+02
622|1650317120.354751|2022-04-18 23:25:20.354751+02|16408|test|17|307850845|0|320404406|1247311058|382132337|355533966|71399098|46396464|0|0|1|500760576|0|||0|0|111140586.503|60852777.796|8373666.34|13345|0|0|0|2022-04-18 21:24:12.572335+02
623|1650317121.375046|2022-04-18 23:25:21.375046+02|16408|test|17|307857650|0|320411401|1247379828|382146243|355547762|71405899|46403265|0|0|1|500760576|0|||0|0|111156720.705|60867041.651|8374886.37|13347|0|0|0|2022-04-18 21:24:12.572335+02
624|1650317122.396501|2022-04-18 23:25:22.396501+02|16408|test|17|307870653|0|320424942|1247510496|382172641|355573954|71418898|46416264|0|0|1|500760576|0|||0|0|111172755.461|60879501.341|8377268.377|13349|0|0|0|2022-04-18 21:24:12.572335+02
625|1650317123.416301|2022-04-18 23:25:23.416301+02|16408|test|17|307883518|0|320438325|1247639966|382198772|355599870|71431759|46429125|0|0|1|500760576|0|||0|0|111188794|60891881.882|8379698.539|13351|0|0|0|2022-04-18 21:24:12.572335+02
626|1650317124.438134|2022-04-18 23:25:24.438134+02|16408|test|17|307896763|0|320452184|1247773112|382225656|355626546|71445000|46442366|0|0|1|500760576|0|||0|0|111204838.734|60904097.37|8382271.563|13353|0|0|0|2022-04-18 21:24:12.572335+02
627|1650317125.459740|2022-04-18 23:25:25.45974+02|16408|test|17|307907264|0|320463069|1247878806|382247017|355647734|71455497|46452863|0|0|1|500760576|0|||0|0|111221501.731|60917791.687|8384247.177|13355|0|0|0|2022-04-18 21:24:12.572335+02
628|1650317126.480373|2022-04-18 23:25:26.480373+02|16408|test|17|307920150|0|320476518|1248008322|382273153|355673692|71468379|46465745|0|0|1|500760576|0|||0|0|111237541.314|60930224.638|8386666.245|13357|0|0|0|2022-04-18 21:24:12.572335+02
629|1650317127.500193|2022-04-18 23:25:27.500193+02|16408|test|17|307927194|0|320483931|1248079264|382287540|355687966|71475419|46472785|0|0|1|500760576|0|||0|0|111253689.98|60944407.92|8387970.588|13359|0|0|0|2022-04-18 21:24:12.572335+02
630|1650317128.520662|2022-04-18 23:25:28.520662+02|16408|test|17|307939755|0|320497100|1248205650|382313058|355713274|71487976|46485342|0|0|1|500760576|0|||0|0|111269746.006|60956927.753|8390313.413|13361|0|0|0|2022-04-18 21:24:12.572335+02
631|1650317129.540915|2022-04-18 23:25:29.540915+02|16408|test|17|307952740|0|320510592|1248336136|382339458|355739430|71500957|46498323|0|0|1|500760576|0|||0|0|111285781.473|60969206.604|8392837.078|13363|0|0|0|2022-04-18 21:24:12.572335+02
632|1650317130.560870|2022-04-18 23:25:30.56087+02|16408|test|17|307965764|0|320524099|1248467263|382365908|355765664|71513977|46511343|0|0|1|500760576|0|||0|0|111301814.658|60981618.675|8395253.971|13365|0|0|0|2022-04-18 21:24:12.572335+02
633|1650317131.581329|2022-04-18 23:25:31.581329+02|16408|test|17|307976022|0|320534719|1248570494|382386766|355786366|71524231|46521597|0|0|1|500760576|0|||0|0|111317863.221|60995019.786|8396966.961|13367|0|0|0|2022-04-18 21:24:12.572335+02
634|1650317132.601680|2022-04-18 23:25:32.60168+02|16408|test|17|307987313|0|320546491|1248684152|382409759|355809134|71535518|46532884|0|0|1|500760576|0|||0|0|111334536.256|61008517.748|8399099.722|13369|0|0|0|2022-04-18 21:24:12.572335+02
635|1650317133.623208|2022-04-18 23:25:33.623208+02|16408|test|17|307995727|0|320555298|1248768873|382426928|355826148|71543928|46541294|0|0|1|500760576|0|||0|0|111350575.297|61022348.78|8400543.664|13371|0|0|0|2022-04-18 21:24:12.572335+02
636|1650317134.644540|2022-04-18 23:25:34.64454+02|16408|test|17|308008634|0|320568784|1248898581|382453134|355852148|71556831|46554197|0|0|1|500760576|0|||0|0|111366604.32|61034745.6|8402968.674|13373|0|0|0|2022-04-18 21:24:12.572335+02
637|1650317135.666542|2022-04-18 23:25:35.666542+02|16408|test|17|308028125|0|320589160|1249094582|382492620|355891316|71576318|46573684|0|0|1|500760576|0|||0|0|111390647.555|61053291.55|8406664.018|13375|0|0|0|2022-04-18 21:24:12.572335+02
638|1650317136.686874|2022-04-18 23:25:36.686874+02|16408|test|17|308038521|0|320599930|1249199114|382513775|355912294|71586710|46584076|0|0|1|500760576|0|||0|0|111406676.397|61066479.027|8408515.362|13377|0|0|0|2022-04-18 21:24:12.572335+02
639|1650317137.707677|2022-04-18 23:25:37.707677+02|16408|test|17|308051455|0|320613411|1249329014|382540047|355938348|71599640|46597006|0|0|1|500760576|0|||0|0|111422707.994|61078929.389|8410912.638|13379|0|0|0|2022-04-18 21:24:12.572335+02
640|1650317138.728106|2022-04-18 23:25:38.728106+02|16408|test|17|308058273|0|320620557|1249397552|382553981|355952170|71606454|46603820|0|0|1|500760576|0|||0|0|111438803.544|61093172.536|8412128.798|13381|0|0|0|2022-04-18 21:24:12.572335+02
641|1650317139.749680|2022-04-18 23:25:39.74968+02|16408|test|17|308071400|0|320634215|1249529510|382580629|355978610|71619577|46616943|0|0|1|500760576|0|||0|0|111454839.302|61105648.552|8414482.519|13383|0|0|0|2022-04-18 21:24:12.572335+02
642|1650317140.769934|2022-04-18 23:25:40.769934+02|16408|test|17|308084283|0|320647587|1249659139|382608055|356004572|71632454|46629820|0|0|1|500760576|0|||0|0|111470882.171|61118120.971|8416853.143|13385|0|0|0|2022-04-18 21:24:12.572335+02
643|1650317141.789934|2022-04-18 23:25:41.789934+02|16408|test|17|308097205|0|320661016|1249789071|382634299|356030602|71645372|46642738|0|0|1|500760576|0|||0|0|111487654.602|61131309.285|8419256.608|13387|0|0|0|2022-04-18 21:24:12.572335+02
644|1650317142.810243|2022-04-18 23:25:42.810243+02|16408|test|17|308107903|0|320672269|1249896592|382656036|356052184|71656066|46653432|0|0|1|500760576|0|||0|0|111503696.284|61144358.181|8421272.731|13389|0|0|0|2022-04-18 21:24:12.572335+02
645|1650317143.830353|2022-04-18 23:25:43.830353+02|16408|test|17|308118059|0|320682783|1249998608|382676681|356072682|71666218|46663584|0|0|1|500760576|0|||0|0|111519813.156|61157596.479|8423220.005|13391|0|0|0|2022-04-18 21:24:12.572335+02
646|1650317144.850278|2022-04-18 23:25:44.850278+02|16408|test|17|308127093|0|320692281|1250089791|382695074|356090936|71675248|46672614|0|0|1|500760576|0|||0|0|111535844.98|61171153.107|8424866.328|13393|0|0|0|2022-04-18 21:24:12.572335+02
647|1650317145.870907|2022-04-18 23:25:45.870907+02|16408|test|17|308140293|0|320705932|1250222379|382721870|356117522|71688444|46685810|0|0|1|500760576|0|||0|0|111551889.297|61183442.858|8427391.515|13395|0|0|0|2022-04-18 21:24:12.572335+02
648|1650317146.890893|2022-04-18 23:25:46.890893+02|16408|test|17|308153015|0|320719043|1250350163|382747681|356143152|71701162|46698528|0|0|1|500760576|0|||0|0|111567929.482|61195880.435|8429819.159|13397|0|0|0|2022-04-18 21:24:12.572335+02
649|1650317147.911422|2022-04-18 23:25:47.911422+02|16408|test|17|308162878|0|320729355|1250449263|382767752|356163064|71711021|46708387|0|0|1|500760576|0|||0|0|111584036.817|61209111.063|8431740.195|13399|0|0|0|2022-04-18 21:24:12.572335+02
650|1650317148.932563|2022-04-18 23:25:48.932563+02|16408|test|17|308175645|0|320742661|1250577420|382793674|356188784|71723784|46721150|0|0|1|500760576|0|||0|0|111600086.716|61221734.478|8434000.4|13401|0|0|0|2022-04-18 21:24:12.572335+02
651|1650317149.953529|2022-04-18 23:25:49.953529+02|16408|test|17|308184055|0|320751374|1250662094|382810798|356205790|71732190|46729556|0|0|1|500760576|0|||0|0|111616350.774|61235566.961|8435628.931|13403|0|0|0|2022-04-18 21:24:12.572335+02
652|1650317150.974690|2022-04-18 23:25:50.97469+02|16408|test|17|308194753|0|320762482|1250769731|382832536|356227372|71742884|46740250|0|0|1|500760576|0|||0|0|111632407.479|61248689.481|8437543.468|13405|0|0|0|2022-04-18 21:24:12.572335+02
653|1650317151.995153|2022-04-18 23:25:51.995153+02|16408|test|17|308207299|0|320775553|1250895865|382858008|356252650|71755426|46752792|0|0|1|500760576|0|||0|0|111648435.485|61261117.717|8439984.496|13407|0|0|0|2022-04-18 21:24:12.572335+02
654|1650317153.015792|2022-04-18 23:25:53.015792+02|16408|test|17|308220161|0|320788877|1251025195|382884106|356278560|71768284|46765650|0|0|1|500760576|0|||0|0|111664485.149|61273569.191|8442397.826|13409|0|0|0|2022-04-18 21:24:12.572335+02
655|1650317154.035881|2022-04-18 23:25:54.035881+02|16408|test|17|308229670|0|320798826|1251120834|382903464|356297764|71777789|46775155|0|0|1|500760576|0|||0|0|111680526.148|61286985.933|8444150.266|13411|0|0|0|2022-04-18 21:24:12.572335+02
656|1650317155.056230|2022-04-18 23:25:55.05623+02|16408|test|17|308242423|0|320812000|1251249298|382929344|356323456|71790538|46787904|0|0|1|500760576|0|||0|0|111696567.143|61299542.5|8446468.381|13413|0|0|0|2022-04-18 21:24:12.572335+02
657|1650317156.076732|2022-04-18 23:25:56.076732+02|16408|test|17|308249677|0|320819548|1251322247|382944150|356338150|71797788|46795154|0|0|1|500760576|0|||0|0|111712767.93|61313679.294|8447856.128|13415|0|0|0|2022-04-18 21:24:12.572335+02
658|1650317157.097786|2022-04-18 23:25:57.097786+02|16408|test|17|308261268|0|320831544|1251438782|382967706|356361518|71809375|46806741|0|0|1|500760576|0|||0|0|111728864.819|61326742.684|8449834.402|13417|0|0|0|2022-04-18 21:24:12.572335+02
659|1650317158.118151|2022-04-18 23:25:58.118151+02|16408|test|17|308273921|0|320844761|1251566033|382993405|356387010|71822024|46819390|0|0|1|500760576|0|||0|0|111744902.792|61339145.713|8452267.873|13419|0|0|0|2022-04-18 21:24:12.572335+02
660|1650317159.138112|2022-04-18 23:25:59.138112+02|16408|test|17|308286541|0|320857985|1251692823|383019019|356412436|71834640|46832006|0|0|1|500760576|0|||0|0|111760938.207|61351560.327|8454711.97|13421|0|0|0|2022-04-18 21:24:12.572335+02
661|1650317160.158767|2022-04-18 23:26:00.158767+02|16408|test|17|308296333|0|320868163|1251791243|383038952|356432206|71844428|46841794|0|0|1|500760576|0|||0|0|111776979.232|61365020.827|8456413.477|13423|0|0|0|2022-04-18 21:24:12.572335+02
662|1650317161.178538|2022-04-18 23:26:01.178538+02|16408|test|17|308308819|0|320881172|1251916765|383064319|356457364|71856910|46854276|0|0|1|500760576|0|||0|0|111793018.219|61377564.424|8458745.045|13425|0|0|0|2022-04-18 21:24:12.572335+02
663|1650317162.198848|2022-04-18 23:26:02.198848+02|16408|test|17|308315642|0|320888349|1251985552|383078249|356471196|71863729|46861095|0|0|1|500760576|0|||0|0|111809185.815|61391841.208|8459971.623|13427|0|0|0|2022-04-18 21:24:12.572335+02
664|1650317163.219259|2022-04-18 23:26:03.219259+02|16408|test|17|308327756|0|320900894|1252107227|383102850|356495610|71875839|46873205|0|0|1|500760576|0|||0|0|111825240.138|61404565.94|8462150.717|13429|0|0|0|2022-04-18 21:24:12.572335+02
665|1650317164.239694|2022-04-18 23:26:04.239694+02|16408|test|17|308340339|0|320914133|1252233578|383128392|356520962|71888418|46885784|0|0|1|500760576|0|||0|0|111841312.838|61417046.515|8464569.33|13431|0|0|0|2022-04-18 21:24:12.572335+02
666|1650317165.260284|2022-04-18 23:26:05.260284+02|16408|test|17|308353108|0|320927446|1252361910|383154318|356546686|71901183|46898549|0|0|1|500760576|0|||0|0|111857348.825|61429550.121|8466911.289|13433|0|0|0|2022-04-18 21:24:12.572335+02
667|1650317166.280714|2022-04-18 23:26:06.280714+02|16408|test|17|308363444|0|320938304|1252465855|383175345|356567544|71911515|46908881|0|0|1|500760576|0|||0|0|111873997.458|61443228.274|8468911.781|13435|0|0|0|2022-04-18 21:24:12.572335+02
668|1650317167.301823|2022-04-18 23:26:07.301823+02|16408|test|17|308377440|0|320952811|1252606358|383203731|356595722|71925507|46922873|0|0|1|500760576|0|||0|0|111892048.871|61457370.864|8471527.103|13437|0|0|0|2022-04-18 21:24:12.572335+02
669|1650317168.324618|2022-04-18 23:26:08.324618+02|16408|test|17|308387892|0|320963724|1252711461|383224985|356616812|71935955|46933321|0|0|1|500760576|0|||0|0|111912157.658|61474531.224|8473487.619|13439|0|0|0|2022-04-18 21:24:12.572335+02
670|1650317169.345169|2022-04-18 23:26:09.345169+02|16408|test|17|308400784|0|320977233|1252841103|383251156|356642782|71948843|46946209|0|0|1|500760576|0|||0|0|111928197.808|61487078.355|8475829.527|13441|0|0|0|2022-04-18 21:24:12.572335+02
671|1650317170.365841|2022-04-18 23:26:10.365841+02|16408|test|17|308414725|0|320991808|1252980964|383279449|356670850|71962780|46960146|0|0|1|500760576|0|||0|0|111945235.256|61500158.385|8478480.785|13443|0|0|0|2022-04-18 21:24:12.572335+02
672|1650317171.386060|2022-04-18 23:26:11.38606+02|16408|test|17|308425034|0|321002562|1253084770|383300431|356691654|71973085|46970451|0|0|1|500760576|0|||0|0|111961355.11|61513423.454|8480361.271|13445|0|0|0|2022-04-18 21:24:12.572335+02
673|1650317172.406493|2022-04-18 23:26:12.406493+02|16408|test|17|308437672|0|321015834|1253211645|383326083|356717116|71985719|46983085|0|0|1|500760576|0|||0|0|111977401.048|61525986.367|8482677.126|13447|0|0|0|2022-04-18 21:24:12.572335+02
674|1650317173.427579|2022-04-18 23:26:13.427579+02|16408|test|17|308446224|0|321024624|1253297765|383343503|356734406|71994267|46991633|0|0|1|500760576|0|||0|0|111993551.025|61539822.813|8484202.047|13449|0|0|0|2022-04-18 21:24:12.572335+02
675|1650317174.449400|2022-04-18 23:26:14.4494+02|16408|test|17|308457629|0|321036442|1253412521|383366656|356757402|72005668|47003034|0|0|1|500760576|0|||0|0|112009612.425|61552775.833|8486266.168|13451|0|0|0|2022-04-18 21:24:12.572335+02
676|1650317175.470038|2022-04-18 23:26:15.470038+02|16408|test|17|308470696|0|321050133|1253543794|383393164|356783722|72018731|47016097|0|0|1|500760576|0|||0|0|112026174.682|61565602.342|8488757.5|13453|0|0|0|2022-04-18 21:24:12.572335+02
677|1650317176.490943|2022-04-18 23:26:16.490943+02|16408|test|17|308483695|0|321063658|1253674306|383419534|356809906|72031726|47029092|0|0|1|500760576|0|||0|0|112042227.189|61578016.45|8491179.48|13455|0|0|0|2022-04-18 21:24:12.572335+02
678|1650317177.511416|2022-04-18 23:26:17.511416+02|16408|test|17|308493902|0|321074244|1253777062|383440291|356830506|72041929|47039295|0|0|1|500760576|0|||0|0|112058419.234|61591578.161|8492902.006|13457|0|0|0|2022-04-18 21:24:12.572335+02
679|1650317178.531636|2022-04-18 23:26:18.531636+02|16408|test|17|308506982|0|321087890|1253908457|383466828|356856852|72055005|47052371|0|0|1|500760576|0|||0|0|112074460.147|61604011.445|8495326.622|13459|0|0|0|2022-04-18 21:24:12.572335+02
680|1650317179.552163|2022-04-18 23:26:19.552163+02|16408|test|17|308513965|0|321095176|1253978800|383481086|356871004|72061984|47059350|0|0|1|500760576|0|||0|0|112090723.997|61618454.411|8496518.25|13461|0|0|0|2022-04-18 21:24:12.572335+02
681|1650317180.572761|2022-04-18 23:26:20.572761+02|16408|test|17|308526703|0|321108479|1254106797|383506955|356896666|72074718|47072084|0|0|1|500760576|0|||0|0|112106758.875|61630918.056|8498895.674|13463|0|0|0|2022-04-18 21:24:12.572335+02
682|1650317181.593811|2022-04-18 23:26:21.593811+02|16408|test|17|308539825|0|321122152|1254238709|383533616|356923096|72087836|47085202|0|0|1|500760576|0|||0|0|112122795.37|61643226.664|8501367.207|13465|0|0|0|2022-04-18 21:24:12.572335+02
683|1650317182.613915|2022-04-18 23:26:22.613915+02|16408|test|17|308552644|0|321135576|1254367360|383559609|356948920|72100651|47098017|0|0|1|500760576|0|||0|0|112138840.178|61655752.794|8503700.949|13467|0|0|0|2022-04-18 21:24:12.572335+02
684|1650317183.636346|2022-04-18 23:26:23.636346+02|16408|test|17|308562483|0|321145859|1254466336|383579629|356968784|72110486|47107852|0|0|1|500760576|0|||0|0|112154969.656|61669164.252|8505484.462|13469|0|0|0|2022-04-18 21:24:12.572335+02
685|1650317184.657128|2022-04-18 23:26:24.657128+02|16408|test|17|308574676|0|321158635|1254588905|383604388|356993356|72122675|47120041|0|0|1|500760576|0|||0|0|112171010.195|61681806.682|8507741.048|13471|0|0|0|2022-04-18 21:24:12.572335+02
686|1650317185.678587|2022-04-18 23:26:25.678587+02|16408|test|17|308581284|0|321165438|1254655533|383617885|357006758|72129279|47126645|0|0|1|500760576|0|||0|0|112187100.11|61696036.972|8508971.358|13473|0|0|0|2022-04-18 21:24:12.572335+02
687|1650317186.699760|2022-04-18 23:26:26.69976+02|16408|test|17|308594081|0|321178866|1254783968|383643856|357032538|72142072|47139438|0|0|1|500760576|0|||0|0|112203142.495|61708531.345|8511330.491|13475|0|0|0|2022-04-18 21:24:12.572335+02
688|1650317187.721009|2022-04-18 23:26:27.721009+02|16408|test|17|308606838|0|321192272|1254912055|383669757|357058238|72154825|47152191|0|0|1|500760576|0|||0|0|112219181.224|61720944.385|8513747.072|13477|0|0|0|2022-04-18 21:24:12.572335+02
689|1650317188.742608|2022-04-18 23:26:28.742608+02|16408|test|17|308619947|0|321205958|1255043811|383696353|357084642|72167930|47165296|0|0|1|500760576|0|||0|0|112235225.52|61733339.225|8516210.858|13479|0|0|0|2022-04-18 21:24:12.572335+02
690|1650317189.763114|2022-04-18 23:26:29.763114+02|16408|test|17|308629949|0|321216363|1255144376|383716683|357104832|72177928|47175294|0|0|1|500760576|0|||0|0|112251266.108|61746616.225|8518023.193|13481|0|0|0|2022-04-18 21:24:12.572335+02
691|1650317190.783996|2022-04-18 23:26:30.783996+02|16408|test|17|308642183|0|321229086|1255267307|383741498|357129486|72190158|47187524|0|0|1|500760576|0|||0|0|112267523.971|61759384.984|8520376.711|13483|0|0|0|2022-04-18 21:24:12.572335+02
692|1650317191.805062|2022-04-18 23:26:31.805062+02|16408|test|17|308649832|0|321237060|1255344382|383757111|357144970|72197803|47195169|0|0|1|500760576|0|||0|0|112283611.074|61773347.144|8521776.032|13485|0|0|0|2022-04-18 21:24:12.572335+02
693|1650317192.826088|2022-04-18 23:26:32.826088+02|16408|test|17|308662748|0|321250493|1255474139|383783309|357170988|72210715|47208081|0|0|1|500760576|0|||0|0|112299649.384|61785792.809|8524175.068|13487|0|0|0|2022-04-18 21:24:12.572335+02
694|1650317193.847423|2022-04-18 23:26:33.847423+02|16408|test|17|308675916|0|321264189|1255606548|383810041|357197510|72223879|47221245|0|0|1|500760576|0|||0|0|112315706.784|61798234.041|8526604.237|13489|0|0|0|2022-04-18 21:24:12.572335+02
695|1650317194.867444|2022-04-18 23:26:34.867444+02|16408|test|17|308686674|0|321275532|1255714681|383831903|357219212|72234633|47231999|0|0|1|500760576|0|||0|0|112332458.654|61811999.568|8528603.407|13491|0|0|0|2022-04-18 21:24:12.572335+02
696|1650317195.887940|2022-04-18 23:26:35.88794+02|16408|test|17|308699177|0|321288445|1255840228|383857271|357244404|72247132|47244498|0|0|1|500760576|0|||0|0|112348491.152|61824648.335|8530829.462|13493|0|0|0|2022-04-18 21:24:12.572335+02
697|1650317196.907972|2022-04-18 23:26:36.907972+02|16408|test|17|308708051|0|321297671|1255929343|383875333|357262338|72256002|47253368|0|0|1|500760576|0|||0|0|112364919.336|61838662.441|8532421.716|13495|0|0|0|2022-04-18 21:24:12.572335+02
698|1650317197.928240|2022-04-18 23:26:37.92824+02|16408|test|17|308719516|0|321309768|1256044415|383898621|357285454|72267463|47264829|0|0|1|500760576|0|||0|0|112380956.3|61851723.102|8534351.914|13497|0|0|0|2022-04-18 21:24:12.572335+02
699|1650317198.948043|2022-04-18 23:26:38.948043+02|16408|test|17|308732581|0|321323390|1256175762|383925165|357311770|72280524|47277890|0|0|1|500760576|0|||0|0|112397002.01|61864122.943|8536786.697|13499|0|0|0|2022-04-18 21:24:12.572335+02
700|1650317199.968206|2022-04-18 23:26:39.968206+02|16408|test|17|308745615|0|321336935|1256306684|383951594|357338024|72293554|47290920|0|0|1|500760576|0|||0|0|112413041.006|61876609.802|8539140.294|13501|0|0|0|2022-04-18 21:24:12.572335+02
701|1650317200.988650|2022-04-18 23:26:40.98865+02|16408|test|18|308755274|0|321346992|1256404034|383971266|357357528|72303209|47300575|0|0|1|500760576|0|||0|0|112433656.353|61894582.775|8540876.33|13503|0|0|0|2022-04-18 21:24:12.572335+02
702|1650317202.008532|2022-04-18 23:26:42.008532+02|16408|test|18|308761071|0|321353088|1256463252|383983283|357369308|72309002|47306368|0|0|1|500760576|0|||0|0|112450720.433|61910016.413|8541918.199|13505|0|0|0|2022-04-18 21:24:12.572335+02
703|1650317203.029233|2022-04-18 23:26:43.029233+02|16408|test|18|308768083|0|321360476|1256536154|383997968|357383518|72316010|47313376|0|0|1|500760576|0|||0|0|112468785.629|61926081.697|8543185.042|13507|0|0|0|2022-04-18 21:24:12.572335+02
704|1650317204.050096|2022-04-18 23:26:44.050096+02|16408|test|17|308773048|0|321395588|1256588803|384010012|357393839|72320967|47318339|0|0|1|500760576|0|||0|0|112485010.046|61940814.156|8544152.902|13509|0|0|0|2022-04-18 21:24:12.572335+02
705|1650317205.070548|2022-04-18 23:26:45.070548+02|16408|test|17|308785032|0|321408133|1256709502|384034533|357418137|72332947|47330319|0|0|1|500760576|0|||0|0|112501061.408|61953540.258|8546354.364|13511|0|0|0|2022-04-18 21:24:12.572335+02
706|1650317206.091241|2022-04-18 23:26:46.091241+02|16408|test|17|308797520|0|321421276|1256835042|384059893|357443299|72345431|47342803|0|0|1|500760576|0|||0|0|112517110.047|61966106.89|8548682.284|13513|0|0|0|2022-04-18 21:24:12.572335+02
707|1650317207.111668|2022-04-18 23:26:47.111668+02|16408|test|17|308809844|0|321434046|1256958878|384084910|357468133|72357751|47355123|0|0|1|500760576|0|||0|0|112533155.705|61978697.987|8550975.226|13515|0|0|0|2022-04-18 21:24:12.572335+02
708|1650317208.131753|2022-04-18 23:26:48.131753+02|16408|test|17|308820603|0|321445308|1257067005|384106766|357489837|72368506|47365878|0|0|1|500760576|0|||0|0|112548706.66|61991207.254|8553000.396|13517|0|0|0|2022-04-18 21:24:12.572335+02
709|1650317209.151000|2022-04-18 23:26:49.151+02|16408|test|17|308831105|0|321456301|1257172535|384128121|357511027|72379004|47376376|0|0|1|500760576|0|||0|0|112564896.523|62004512.86|8554892.692|13519|0|0|0|2022-04-18 21:24:12.572335+02
710|1650317210.171848|2022-04-18 23:26:50.171848+02|16408|test|17|308838560|0|321464130|1257247516|384143322|357526123|72386455|47383827|0|0|1|500760576|0|||0|0|112581549.401|62019075.093|8556251.06|13521|0|0|0|2022-04-18 21:24:12.572335+02
711|1650317211.193155|2022-04-18 23:26:51.193155+02|16408|test|17|308850705|0|321476790|1257369455|384167945|357550599|72398596|47395968|0|0|1|500760576|0|||0|0|112597585.946|62031794.98|8558447.356|13523|0|0|0|2022-04-18 21:24:12.572335+02
712|1650317212.214317|2022-04-18 23:26:52.214317+02|16408|test|17|308864642|0|321491318|1257509404|384196210|357578659|72412529|47409901|0|0|1|500760576|0|||0|0|112614622.37|62044862.946|8561102.467|13525|0|0|0|2022-04-18 21:24:12.572335+02
713|1650317213.234936|2022-04-18 23:26:53.234936+02|16408|test|17|308877350|0|321504615|1257637205|384222012|357604261|72425233|47422605|0|0|1|500760576|0|||0|0|112630662.065|62057377.449|8563463.236|13527|0|0|0|2022-04-18 21:24:12.572335+02
714|1650317214.254989|2022-04-18 23:26:54.254989+02|16408|test|17|308888328|0|321516055|1257747481|384244302|357626403|72436207|47433579|0|0|1|500760576|0|||0|0|112647677.078|62071476.737|8565385.827|13529|0|0|0|2022-04-18 21:24:12.572335+02
715|1650317215.276175|2022-04-18 23:26:55.276175+02|16408|test|17|308901212|0|321529334|1257877050|384270439|357652357|72449087|47446459|0|0|1|500760576|0|||0|0|112663739.142|62083961.624|8567797.861|13531|0|0|0|2022-04-18 21:24:12.572335+02
716|1650317216.296930|2022-04-18 23:26:56.29693+02|16408|test|17|308908846|0|321537370|1257953719|384285988|357667811|72456717|47454089|0|0|1|500760576|0|||0|0|112680516.101|62098705.233|8569109.263|13533|0|0|0|2022-04-18 21:24:12.572335+02
717|1650317217.317709|2022-04-18 23:26:57.317709+02|16408|test|17|308921464|0|321550554|1258080426|384311586|357693233|72469331|47466703|0|0|1|500760576|0|||0|0|112696551.281|62111288.363|8571400.359|13535|0|0|0|2022-04-18 21:24:12.572335+02
718|1650317218.337882|2022-04-18 23:26:58.337882+02|16408|test|17|308934841|0|321564509|1258214735|384338729|357720173|72482704|47480076|0|0|1|500760576|0|||0|0|112712595.835|62123651.66|8573838.799|13537|0|0|0|2022-04-18 21:24:12.572335+02
719|1650317219.358965|2022-04-18 23:26:59.358965+02|16408|test|17|308947401|0|321577748|1258340910|384364235|357745479|72495260|47492632|0|0|1|500760576|0|||0|0|112729020.911|62136547.652|8576211.657|13539|0|0|0|2022-04-18 21:24:12.572335+02
720|1650317220.381513|2022-04-18 23:27:00.381513+02|16408|test|17|308958074|0|321588993|1258447913|384385930|357767011|72505929|47503301|0|0|1|500760576|0|||0|0|112745062.168|62149650.27|8578170.735|13541|0|0|0|2022-04-18 21:24:12.572335+02
721|1650317221.403768|2022-04-18 23:27:01.403768+02|16408|test|17|308968739|0|321600096|1258555107|384407608|357788527|72516590|47513962|0|0|1|500760576|0|||0|0|112761913.636|62163390.944|8580242.03|13543|0|0|0|2022-04-18 21:24:12.572335+02
722|1650317222.425380|2022-04-18 23:27:02.42538+02|16408|test|17|308978769|0|321610472|1258656256|384428046|357808773|72526616|47523988|0|0|1|500760576|0|||0|0|112777946.913|62176681.97|8582060.555|13545|0|0|0|2022-04-18 21:24:12.572335+02
723|1650317223.446006|2022-04-18 23:27:03.446006+02|16408|test|17|308991757|0|321624000|1258786905|384454404|357834935|72539600|47536972|0|0|1|500760576|0|||0|0|112793985.33|62189072.206|8584506.912|13547|0|0|0|2022-04-18 21:24:12.572335+02
724|1650317224.466757|2022-04-18 23:27:04.466757+02|16408|test|17|309004799|0|321637524|1258917896|384480842|357861205|72552638|47550010|0|0|1|500760576|0|||0|0|112810019.235|62201530.068|8586901.973|13549|0|0|0|2022-04-18 21:24:12.572335+02
725|1650317225.487241|2022-04-18 23:27:05.487241+02|16408|test|17|309015097|0|321648318|1259021307|384501789|357881987|72562932|47560304|0|0|1|500760576|0|||0|0|112826061.541|62214844.888|8588700.035|13551|0|0|0|2022-04-18 21:24:12.572335+02
726|1650317226.507600|2022-04-18 23:27:06.5076+02|16408|test|17|309028239|0|321662089|1259153271|384528450|357908457|72576070|47573442|0|0|1|500760576|0|||0|0|112842103.947|62227223.091|8591150.185|13553|0|0|0|2022-04-18 21:24:12.572335+02
727|1650317227.528236|2022-04-18 23:27:07.528236+02|16408|test|17|309035299|0|321669389|1259224544|384542869|357922763|72583126|47580498|0|0|1|500760576|0|||0|0|112858567.873|62241861.376|8592336.443|13555|0|0|0|2022-04-18 21:24:12.572335+02
728|1650317228.548787|2022-04-18 23:27:08.548787+02|16408|test|17|309048605|0|321683217|1259358229|384569837|357949561|72596428|47593800|0|0|1|500760576|0|||0|0|112874606.158|62254320.557|8594728.607|13557|0|0|0|2022-04-18 21:24:12.572335+02
729|1650317229.569241|2022-04-18 23:27:09.569241+02|16408|test|17|309061542|0|321696681|1259488004|384596084|357975621|72609361|47606733|0|0|1|500760576|0|||0|0|112890654.075|62266721.852|8597190.861|13559|0|0|0|2022-04-18 21:24:12.572335+02
730|1650317230.589823|2022-04-18 23:27:10.589823+02|16408|test|17|309074675|0|321710363|1259619978|384622715|358002073|72622490|47619862|0|0|1|500760576|0|||0|0|112906687.401|62279123.753|8599600.002|13561|0|0|0|2022-04-18 21:24:12.572335+02
731|1650317231.611364|2022-04-18 23:27:11.611364+02|16408|test|17|309085059|0|321721168|1259724329|384643810|358023027|72632870|47630242|0|0|1|500760576|0|||0|0|112922859.872|62292351.997|8601557.353|13563|0|0|0|2022-04-18 21:24:12.572335+02
732|1650317232.632458|2022-04-18 23:27:12.632458+02|16408|test|17|309097682|0|321734471|1259851127|384669437|358048459|72645489|47642861|0|0|1|500760576|0|||0|0|112938900.845|62304801.913|8603989.215|13565|0|0|0|2022-04-18 21:24:12.572335+02
733|1650317233.652455|2022-04-18 23:27:13.652455+02|16408|test|17|309105589|0|321742674|1259930576|384685546|358064459|72653392|47650764|0|0|1|500760576|0|||0|0|112956451.757|62320166.516|8605425.036|13567|0|0|0|2022-04-18 21:24:12.572335+02
734|1650317234.673963|2022-04-18 23:27:14.673963+02|16408|test|17|309118411|0|321756082|1260059352|384711533|358090289|72666210|47663582|0|0|1|500760576|0|||0|0|112972486.556|62332668.014|8607758.311|13569|0|0|0|2022-04-18 21:24:12.572335+02
735|1650317235.695210|2022-04-18 23:27:15.69521+02|16408|test|17|309131292|0|321769577|1260188736|384737679|358116237|72679087|47676459|0|0|1|500760576|0|||0|0|112988531.193|62345083.367|8610187.074|13571|0|0|0|2022-04-18 21:24:12.572335+02
736|1650317236.716270|2022-04-18 23:27:16.71627+02|16408|test|17|309143744|0|321782453|1260313757|384762952|358141327|72691535|47688907|0|0|1|500760576|0|||0|0|113004836.572|62357830.129|8612592.675|13573|0|0|0|2022-04-18 21:24:12.572335+02
737|1650317237.737021|2022-04-18 23:27:17.737021+02|16408|test|17|309154382|0|321793521|1260420849|384784553|358162789|72702169|47699541|0|0|1|500760576|0|||0|0|113020871.172|62370995.418|8614479.477|13575|0|0|0|2022-04-18 21:24:12.572335+02
738|1650317238.757071|2022-04-18 23:27:18.757071+02|16408|test|17|309164850|0|321804419|1260525893|384805815|358183911|72712633|47710005|0|0|1|500760576|0|||0|0|113037013.299|62384213.118|8616412.565|13577|0|0|0|2022-04-18 21:24:12.572335+02
739|1650317239.778673|2022-04-18 23:27:19.778673+02|16408|test|17|309173630|0|321813610|1260614215|384823695|358201657|72721409|47718781|0|0|1|500760576|0|||0|0|113053076.103|62397897.122|8617988.947|13579|0|0|0|2022-04-18 21:24:12.572335+02
740|1650317240.798498|2022-04-18 23:27:20.798498+02|16408|test|17|309186276|0|321826800|1260741172|384849348|358227135|72734051|47731423|0|0|1|500760576|0|||0|0|113069118.399|62410331.21|8620414.479|13581|0|0|0|2022-04-18 21:24:12.572335+02
741|1650317241.818370|2022-04-18 23:27:21.81837+02|16408|test|17|309199257|0|321840407|1260871452|384875683|358253283|72747028|47744400|0|0|1|500760576|0|||0|0|113085156.482|62422665.762|8622894.263|13583|0|0|0|2022-04-18 21:24:12.572335+02
742|1650317242.838769|2022-04-18 23:27:22.838769+02|16408|test|17|309209591|0|321851232|1260975304|384896694|358274137|72757358|47754730|0|0|1|500760576|0|||0|0|113101201.233|62435841.207|8624796.977|13585|0|0|0|2022-04-18 21:24:12.572335+02
743|1650317243.859258|2022-04-18 23:27:23.859258+02|16408|test|17|309221860|0|321864013|1261098669|384921595|358298861|72769623|47766995|0|0|1|500760576|0|||0|0|113117244.334|62448491.829|8627046.562|13587|0|0|0|2022-04-18 21:24:12.572335+02
744|1650317244.879617|2022-04-18 23:27:24.879617+02|16408|test|17|309230391|0|321872917|1261184334|384938959|358316109|72778150|47775522|0|0|1|500760576|0|||0|0|113134153.623|62463146.825|8628538.844|13589|0|0|0|2022-04-18 21:24:12.572335+02
745|1650317245.900547|2022-04-18 23:27:25.900547+02|16408|test|17|309242221|0|321885180|1261303255|384962958|358339955|72789976|47787348|0|0|1|500760576|0|||0|0|113150201.159|62476027.948|8630634.243|13591|0|0|0|2022-04-18 21:24:12.572335+02
746|1650317246.921267|2022-04-18 23:27:26.921267+02|16408|test|17|309255241|0|321898762|1261433956|384989368|358366181|72802992|47800364|0|0|1|500760576|0|||0|0|113166264.414|62488502.308|8633038.108|13593|0|0|0|2022-04-18 21:24:12.572335+02
747|1650317247.942017|2022-04-18 23:27:27.942017+02|16408|test|17|309268203|0|321912299|1261564112|385015663|358392291|72815950|47813322|0|0|1|500760576|0|||0|0|113182301.36|62500775.594|8635588.611|13595|0|0|0|2022-04-18 21:24:12.572335+02
748|1650317248.961686|2022-04-18 23:27:28.961686+02|16408|test|17|309278425|0|321923002|1261666679|385036444|358412921|72826168|47823540|0|0|1|500760576|0|||0|0|113198340.478|62513953.329|8637500.465|13597|0|0|0|2022-04-18 21:24:12.572335+02
749|1650317249.982028|2022-04-18 23:27:29.982028+02|16408|test|17|309291134|0|321936167|1261794494|385062221|358438525|72838873|47836245|0|0|1|500760576|0|||0|0|113214383.303|62526309.134|8639998.003|13599|0|0|0|2022-04-18 21:24:12.572335+02
750|1650317251.001883|2022-04-18 23:27:31.001883+02|16408|test|17|309298319|0|321943685|1261866808|385076883|358453081|72846054|47843426|0|0|1|500760576|0|||0|0|113230731.506|62540541.746|8641420.411|13601|0|0|0|2022-04-18 21:24:12.572335+02
751|1650317252.023198|2022-04-18 23:27:32.023198+02|16408|test|17|309311470|0|321957430|1261999000|385103560|358479569|72859201|47856573|0|0|1|500760576|0|||0|0|113246767.392|62552981.622|8643809.841|13603|0|0|0|2022-04-18 21:24:12.572335+02
752|1650317253.044206|2022-04-18 23:27:33.044206+02|16408|test|17|309327883|0|321974554|1262163643|385136795|358512581|72875610|47872982|0|0|1|500760576|0|||0|0|113266822.323|62568395.781|8646915.422|13605|0|0|0|2022-04-18 21:24:12.572335+02
753|1650317254.063857|2022-04-18 23:27:34.063857+02|16408|test|17|309339713|0|321986883|1262282545|385160834|358536427|72887436|47884808|0|0|1|500760576|0|||0|0|113282859.428|62581112.005|8649146.148|13607|0|0|0|2022-04-18 21:24:12.572335+02
754|1650317255.084910|2022-04-18 23:27:35.08491+02|16408|test|17|309353978|0|322001565|1262425940|385189739|358565143|72901697|47899069|0|0|1|500760576|0|||0|0|113302905.579|62597076.582|8651884.41|13609|0|0|0|2022-04-18 21:24:12.572335+02
755|1650317256.104892|2022-04-18 23:27:36.104892+02|16408|test|17|309362097|0|322010109|1262507757|385206296|358581567|72909812|47907184|0|0|1|500760576|0|||0|0|113318969.833|62610957.556|8653311.612|13611|0|0|0|2022-04-18 21:24:12.572335+02
756|1650317257.126641|2022-04-18 23:27:37.126641+02|16408|test|17|309373982|0|322022499|1262627009|385230421|358605523|72921693|47919065|0|0|1|500760576|0|||0|0|113335008.188|62623753.23|8655470.643|13613|0|0|0|2022-04-18 21:24:12.572335+02
757|1650317258.147622|2022-04-18 23:27:38.147622+02|16408|test|17|309386619|0|322035652|1262753751|385256060|358630983|72934326|47931698|0|0|1|500760576|0|||0|0|113351045.096|62636261.708|8657815.562|13615|0|0|0|2022-04-18 21:24:12.572335+02
758|1650317259.168455|2022-04-18 23:27:39.168455+02|16408|test|17|309399726|0|322049382|1262885276|385282629|358657383|72947429|47944801|0|0|1|500760576|0|||0|0|113367081.64|62648505.958|8660386.183|13617|0|0|0|2022-04-18 21:24:12.572335+02
759|1650317260.189818|2022-04-18 23:27:40.189818+02|16408|test|17|309410139|0|322060216|1262989958|385303791|358678383|72957839|47955211|0|0|1|500760576|0|||0|0|113383166.279|62661775.226|8662223.908|13618|0|0|0|2022-04-18 21:24:12.572335+02
760|1650317261.199652|2022-04-18 23:27:41.199652+02|16408|test|17|309423159|0|322073702|1263120845|385331483|358704631|72970852|47968224|0|0|1|500760576|0|||0|0|113399193.768|62674166.089|8664665.192|13621|0|0|0|2022-04-18 21:24:12.572335+02
761|1650317262.220087|2022-04-18 23:27:42.220087+02|16408|test|17|309429765|0|322080628|1263187401|385344989|358718029|72977454|47974826|0|0|1|500760576|0|||0|0|113415424.726|62688630.253|8665804.486|13623|0|0|0|2022-04-18 21:24:12.572335+02
762|1650317263.240944|2022-04-18 23:27:43.240944+02|16408|test|17|309442761|0|322094249|1263317836|385371335|358744207|72990446|47987818|0|0|1|500760576|0|||0|0|113431481.496|62701274.637|8668064.07|13625|0|0|0|2022-04-18 21:24:12.572335+02
763|1650317264.261850|2022-04-18 23:27:44.26185+02|16408|test|17|309455702|0|322107778|1263447828|385397587|358770275|73003383|48000755|0|0|1|500760576|0|||0|0|113447530.952|62713598.036|8670572.676|13627|0|0|0|2022-04-18 21:24:12.572335+02
764|1650317265.282585|2022-04-18 23:27:45.282585+02|16408|test|17|309468766|0|322121323|1263579051|385424072|358796589|73016443|48013815|0|0|1|500760576|0|||0|0|113463588.226|62725936.064|8673068.627|13629|0|0|0|2022-04-18 21:24:12.572335+02
765|1650317266.302863|2022-04-18 23:27:46.302863+02|16408|test|17|309479052|0|322132027|1263682414|385444969|358817347|73026725|48024097|0|0|1|500760576|0|||0|0|113479623.071|62739271.986|8674843.531|13631|0|0|0|2022-04-18 21:24:12.572335+02
766|1650317267.323542|2022-04-18 23:27:47.323542+02|16408|test|17|309492117|0|322145657|1263813634|385471464|358843663|73039786|48037158|0|0|1|500760576|0|||0|0|113495666.68|62751648.815|8677286.957|13633|0|0|0|2022-04-18 21:24:12.572335+02
767|1650317268.345700|2022-04-18 23:27:48.3457+02|16408|test|17|309499194|0|322153081|1263884713|385485900|358858003|73046859|48044231|0|0|1|500760576|0|||0|0|113511843.254|62765874.002|8678586.923|13635|0|0|0|2022-04-18 21:24:12.572335+02
768|1650317269.365096|2022-04-18 23:27:49.365096+02|16408|test|17|309511924|0|322166289|1264012455|385511732|358883649|73059585|48056957|0|0|1|500760576|0|||0|0|113527890.514|62778347.989|8680973.063|13637|0|0|0|2022-04-18 21:24:12.572335+02
769|1650317270.386194|2022-04-18 23:27:50.386194+02|16408|test|17|309524756|0|322179752|1264141240|385537765|358909499|73072413|48069785|0|0|1|500760576|0|||0|0|113543941.576|62790730.895|8683446.399|13639|0|0|0|2022-04-18 21:24:12.572335+02
770|1650317271.407431|2022-04-18 23:27:51.407431+02|16408|test|17|309537186|0|322192642|1264266243|385562983|358934545|73084839|48082211|0|0|1|500760576|0|||0|0|113560355.812|62803648.204|8685796.438|13641|0|0|0|2022-04-18 21:24:12.572335+02
771|1650317272.427294|2022-04-18 23:27:52.427294+02|16408|test|17|309547599|0|322203479|1264370786|385584120|358955557|73095248|48092620|0|0|1|500760576|0|||0|0|113576498.042|62817033.733|8687614.015|13643|0|0|0|2022-04-18 21:24:12.572335+02
772|1650317273.447090|2022-04-18 23:27:53.44709+02|16408|test|17|309558225|0|322214528|1264477665|385605697|358976995|73105870|48103242|0|0|1|500760576|0|||0|0|113593178.906|62830772.99|8689575.991|13645|0|0|0|2022-04-18 21:24:12.572335+02
773|1650317274.466678|2022-04-18 23:27:54.466678+02|16408|test|17|309567695|0|322224521|1264572737|385624936|358996121|73115336|48112708|0|0|1|500760576|0|||0|0|113609219.211|62844244.531|8691299.366|13647|0|0|0|2022-04-18 21:24:12.572335+02
774|1650317275.487050|2022-04-18 23:27:55.48705+02|16408|test|17|309580556|0|322237932|1264701944|385651007|359022029|73128193|48125565|0|0|1|500760576|0|||0|0|113625256.354|62856678.59|8693729.001|13649|0|0|0|2022-04-18 21:24:12.572335+02
775|1650317276.508355|2022-04-18 23:27:56.508355+02|16408|test|17|309593703|0|322251558|1264833855|385677667|359048509|73141336|48138708|0|0|1|500760576|0|||0|0|113641372.857|62869132.069|8696138.039|13651|0|0|0|2022-04-18 21:24:12.572335+02
776|1650317277.528066|2022-04-18 23:27:57.528066+02|16408|test|17|309603619|0|322261886|1264933493|385697837|359068527|73151248|48148620|0|0|1|500760576|0|||0|0|113657403.412|62882501.255|8697872.485|13653|0|0|0|2022-04-18 21:24:12.572335+02
777|1650317278.548864|2022-04-18 23:27:58.548864+02|16408|test|17|309616392|0|322275206|1265061881|385723751|359094259|73164017|48161389|0|0|1|500760576|0|||0|0|113673435.849|62894963.318|8700252.565|13655|0|0|0|2022-04-18 21:24:12.572335+02
778|1650317279.570162|2022-04-18 23:27:59.570162+02|16408|test|17|309624400|0|322283507|1265142372|385740063|359110461|73172021|48169393|0|0|1|500760576|0|||0|0|113689887.44|62909292.517|8701646.564|13657|0|0|0|2022-04-18 21:24:12.572335+02
779|1650317280.590211|2022-04-18 23:28:00.590211+02|16408|test|17|309636729|0|322296430|1265266179|385765074|359135305|73184346|48181718|0|0|1|500760576|0|||0|0|113705922.912|62922088.714|8703801.798|13659|0|0|0|2022-04-18 21:24:12.572335+02
780|1650317281.610789|2022-04-18 23:28:01.610789+02|16408|test|17|309649303|0|322309461|1265392508|385790586|359160639|73196916|48194288|0|0|1|500760576|0|||0|0|113721957.382|62934577.321|8706161.376|13661|0|0|0|2022-04-18 21:24:12.572335+02
781|1650317282.630632|2022-04-18 23:28:02.630632+02|16408|test|17|309662457|0|322323065|1265524783|385817253|359187133|73210066|48207438|0|0|1|500760576|0|||0|0|113737998.472|62946988.216|8708569.534|13663|0|0|0|2022-04-18 21:24:12.572335+02
782|1650317283.650715|2022-04-18 23:28:03.650715+02|16408|test|17|309672859|0|322333877|1265629235|385838370|359208123|73220464|48217836|0|0|1|500760576|0|||0|0|113754448.2|62960542.954|8710468.113|13665|0|0|0|2022-04-18 21:24:12.572335+02
783|1650317284.672340|2022-04-18 23:28:04.67234+02|16408|test|17|309685490|0|322347042|1265756168|385864007|359233571|73233091|48230463|0|0|1|500760576|0|||0|0|113770485.47|62973026.252|8712851.688|13667|0|0|0|2022-04-18 21:24:12.572335+02
784|1650317285.693187|2022-04-18 23:28:05.693187+02|16408|test|17|309694079|0|322356039|1265842570|385881480|359250935|73241676|48239048|0|0|1|500760576|0|||0|0|113788618.984|62988765.576|8714459.969|13669|0|0|0|2022-04-18 21:24:12.572335+02
785|1650317286.713498|2022-04-18 23:28:06.713498+02|16408|test|17|309706559|0|322369006|1265967952|385906802|359276081|73254152|48251524|0|0|1|500760576|0|||0|0|113804669.281|63001326.756|8716808.637|13671|0|0|0|2022-04-18 21:24:12.572335+02
786|1650317287.734440|2022-04-18 23:28:07.73444+02|16408|test|17|309719382|0|322382347|1266096851|385932815|359301913|73266971|48264343|0|0|1|500760576|0|||0|0|113820714.955|63013648.934|8719335.698|13673|0|0|0|2022-04-18 21:24:12.572335+02
787|1650317288.754215|2022-04-18 23:28:08.754215+02|16408|test|17|309732480|0|322396058|1266228242|385959361|359328295|73280065|48277437|0|0|1|500760576|0|||0|0|113836758.596|63026026.067|8721806.032|13675|0|0|0|2022-04-18 21:24:12.572335+02
788|1650317289.773403|2022-04-18 23:28:09.773403+02|16408|test|17|309742530|0|322406587|1266329206|385979801|359348581|73290111|48287483|0|0|1|500760576|0|||0|0|113852819.498|63039289.27|8723690.704|13677|0|0|0|2022-04-18 21:24:12.572335+02
789|1650317290.794167|2022-04-18 23:28:10.794167+02|16408|test|17|309754825|0|322419498|1266452557|386004762|359373357|73302402|48299774|0|0|1|500760576|0|||0|0|113869072.586|63051986.712|8726108.395|13679|0|0|0|2022-04-18 21:24:12.572335+02
790|1650317291.814003|2022-04-18 23:28:11.814003+02|16408|test|17|309762264|0|322427275|1266527270|386019924|359388421|73309837|48307209|0|0|1|500760576|0|||0|0|113885192.9|63066070.462|8727455.769|13681|0|0|0|2022-04-18 21:24:12.572335+02
791|1650317292.834733|2022-04-18 23:28:12.834733+02|16408|test|17|309775144|0|322440595|1266656657|386046038|359414367|73322713|48320085|0|0|1|500760576|0|||0|0|113901240.61|63078427.748|8729943.387|13683|0|0|0|2022-04-18 21:24:12.572335+02
792|1650317293.855406|2022-04-18 23:28:13.855406+02|16408|test|17|309788142|0|322454191|1266787219|386072391|359440549|73335707|48333079|0|0|1|500760576|0|||0|0|113917280.766|63090799.357|8732412.976|13685|0|0|0|2022-04-18 21:24:12.572335+02
793|1650317294.876409|2022-04-18 23:28:14.876409+02|16408|test|17|309799933|0|322466498|1266905549|386096325|359464317|73347494|48344866|0|0|1|500760576|0|||0|0|113933700.431|63104020.426|8734532.261|13687|0|0|0|2022-04-18 21:24:12.572335+02
794|1650317295.897021|2022-04-18 23:28:15.897021+02|16408|test|17|309811424|0|322478441|1267021001|386119629|359487485|73358981|48356353|0|0|1|500760576|0|||0|0|113949732.997|63116963.614|8736571.613|13689|0|0|0|2022-04-18 21:24:12.572335+02
795|1650317296.918880|2022-04-18 23:28:16.91888+02|16408|test|17|309823065|0|322490559|1267137953|386143255|359510953|73370618|48367990|0|0|1|500760576|0|||0|0|113970321.259|63134257.015|8738763.564|13691|0|0|0|2022-04-18 21:24:12.572335+02
796|1650317297.939759|2022-04-18 23:28:17.939759+02|16408|test|17|309835268|0|322503371|1267260484|386168040|359535545|73382817|48380189|0|0|1|500760576|0|||0|0|113986871.719|63147381.614|8741024.913|13693|0|0|0|2022-04-18 21:24:12.572335+02
797|1650317298.959909|2022-04-18 23:28:18.959909+02|16408|test|17|309848249|0|322516931|1267390761|386194353|359561693|73395794|48393166|0|0|1|500760576|0|||0|0|114002916.199|63159780.851|8743477.794|13695|0|0|0|2022-04-18 21:24:12.572335+02
798|1650317299.980785|2022-04-18 23:28:19.980785+02|16408|test|17|309862672|0|322531906|1267535513|386223575|359590725|73410213|48407585|0|0|1|500760576|0|||0|0|114020455.6|63173267.421|8746195.938|13697|0|0|0|2022-04-18 21:24:12.572335+02
799|1650317301.000705|2022-04-18 23:28:21.000705+02|16408|test|17|309873162|0|322542751|1267641065|386244882|359611891|73420699|48418071|0|0|1|500760576|0|||0|0|114036997.158|63186910.96|8748121.126|13699|0|0|0|2022-04-18 21:24:12.572335+02
800|1650317302.022278|2022-04-18 23:28:22.022278+02|16408|test|17|309884397|0|322554427|1267754114|386267682|359634547|73431930|48429302|0|0|1|500760576|0|||0|0|114051027.036|63197781.543|8750235.897|13701|0|0|0|2022-04-18 21:24:12.572335+02
801|1650317303.042221|2022-04-18 23:28:23.042221+02|16408|test|17|309892296|0|322562625|1267833511|386283782|359650531|73439825|48437197|0|0|1|500760576|0|||0|0|114067874.567|63212380.647|8751739.135|13703|0|0|0|2022-04-18 21:24:12.572335+02
802|1650317304.063644|2022-04-18 23:28:24.063644+02|16408|test|17|309906370|0|322577321|1267974935|386312302|359678865|73453895|48451267|0|0|1|500760576|0|||0|0|114085415.109|63225978.334|8754374.531|13705|0|0|0|2022-04-18 21:24:12.572335+02
803|1650317305.083917|2022-04-18 23:28:25.083917+02|16408|test|17|309919388|0|322590823|1268105491|386338682|359705087|73466909|48464281|0|0|1|500760576|0|||0|0|114101455.885|63238440.347|8756752.572|13707|0|0|0|2022-04-18 21:24:12.572335+02
804|1650317306.103921|2022-04-18 23:28:26.103921+02|16408|test|17|309931202|0|322603139|1268223894|386362634|359728901|73478719|48476091|0|0|1|500760576|0|||0|0|114117545.255|63251242.91|8758949.806|13709|0|0|0|2022-04-18 21:24:12.572335+02
805|1650317307.125518|2022-04-18 23:28:27.125518+02|16408|test|17|309942640|0|322615092|1268338825|386385835|359751963|73490153|48487525|0|0|1|500760576|0|||0|0|114133581.299|63264100.232|8761054.744|13711|0|0|0|2022-04-18 21:24:12.572335+02
806|1650317308.145967|2022-04-18 23:28:28.145967+02|16408|test|17|309952452|0|322625399|1268437248|386405781|359771773|73499961|48497333|0|0|1|500760576|0|||0|0|114150098.713|63277882.023|8762887.694|13713|0|0|0|2022-04-18 21:24:12.572335+02
807|1650317309.166766|2022-04-18 23:28:29.166766+02|16408|test|17|309963303|0|322636715|1268546326|386427815|359793661|73510808|48508180|0|0|1|500760576|0|||0|0|114167178.756|63291893.878|8764941.722|13715|0|0|0|2022-04-18 21:24:12.572335+02
808|1650317310.188036|2022-04-18 23:28:30.188036+02|16408|test|17|309976314|0|322650345|1268676886|386454210|359819869|73523815|48521187|0|0|1|500760576|0|||0|0|114183226.034|63304356.566|8767342.917|13717|0|0|0|2022-04-18 21:24:12.572335+02
809|1650317311.209286|2022-04-18 23:28:31.209286+02|16408|test|17|309989496|0|322664121|1268809182|386480937|359846419|73536993|48534365|0|0|1|500760576|0|||0|0|114199265.734|63316676.406|8769834.976|13719|0|0|0|2022-04-18 21:24:12.572335+02
810|1650317312.230525|2022-04-18 23:28:32.230525+02|16408|test|17|309999275|0|322674221|1268907487|386500798|359866163|73546768|48544140|0|0|1|500760576|0|||0|0|114214705.86|63329511.231|8771555.686|13721|0|0|0|2022-04-18 21:24:12.572335+02
811|1650317313.251033|2022-04-18 23:28:33.251033+02|16408|test|17|310012026|0|322687492|1269035456|386526631|359891851|73559515|48556887|0|0|1|500760576|0|||0|0|114230757.829|63341981.886|8773943.804|13723|0|0|0|2022-04-18 21:24:12.572335+02
812|1650317314.271628|2022-04-18 23:28:34.271628+02|16408|test|17|310019665|0|322695450|1269112187|386542202|359907315|73567150|48564522|0|0|1|500760576|0|||0|0|114247814.186|63356970.094|8775306.282|13725|0|0|0|2022-04-18 21:24:12.572335+02
813|1650317315.291834|2022-04-18 23:28:35.291834+02|16408|test|17|310032732|0|322709112|1269243352|386568677|359933635|73580213|48577585|0|0|1|500760576|0|||0|0|114264370.823|63369902.658|8777715.785|13727|0|0|0|2022-04-18 21:24:12.572335+02
814|1650317316.312876|2022-04-18 23:28:36.312876+02|16408|test|17|310045548|0|322722317|1269372236|386594658|359959453|73593025|48590397|0|0|1|500760576|0|||0|0|114280434.639|63382485.368|8780042.171|13729|0|0|0|2022-04-18 21:24:12.572335+02
815|1650317317.333356|2022-04-18 23:28:37.333356+02|16408|test|17|310058548|0|322735777|1269502786|386621006|359985639|73606021|48603393|0|0|1|500760576|0|||0|0|114296475.891|63394862.243|8782487.647|13731|0|0|0|2022-04-18 21:24:12.572335+02
816|1650317318.354084|2022-04-18 23:28:38.354084+02|16408|test|17|310068850|0|322746669|1269606293|386641966|360006429|73616319|48613691|0|0|1|500760576|0|||0|0|114312577.721|63408211.543|8784301.793|13733|0|0|0|2022-04-18 21:24:12.572335+02
817|1650317319.374701|2022-04-18 23:28:39.374701+02|16408|test|17|310081500|0|322759764|1269733366|386667619|360031915|73628965|48626337|0|0|1|500760576|0|||0|0|114328621.492|63420546.343|8786805.554|13735|0|0|0|2022-04-18 21:24:12.572335+02
818|1650317320.395828|2022-04-18 23:28:40.395828+02|16408|test|18|310086102|0|322764555|1269779860|386677059|360041293|73633564|48630936|0|0|1|500760576|0|||0|0|114341798.677|63432418.39|8787677.464|13736|0|0|0|2022-04-18 21:24:12.572335+02
819|1650317321.407516|2022-04-18 23:28:41.407516+02|16408|test|18|310100823|0|322779811|1269929717|386707243|360070933|73648280|48645652|0|0|1|500760576|0|||0|0|114360837.044|63447110.046|8790552.181|13739|0|0|0|2022-04-18 21:24:12.572335+02
820|1650317322.429303|2022-04-18 23:28:42.429303+02|16408|test|18|310111521|0|322790904|1270041859|386729732|360092515|73658974|48656346|0|0|1|500760576|0|||0|0|114376986.9|63459920.675|8792759.416|13741|0|0|0|2022-04-18 21:24:12.572335+02
821|1650317323.449920|2022-04-18 23:28:43.44992+02|16408|test|17|310122141|0|322826502|1270160324|386753884|360114287|73669586|48666962|0|0|1|500760576|0|||0|0|114393027.078|63472884.746|8794747.038|13743|0|0|0|2022-04-18 21:24:12.572335+02
822|1650317324.470613|2022-04-18 23:28:44.470613+02|16408|test|17|310134603|0|322839452|1270285490|386779146|360139397|73682044|48679420|0|0|1|500760576|0|||0|0|114409114.525|63485545.815|8797031.218|13745|0|0|0|2022-04-18 21:24:12.572335+02
823|1650317325.492508|2022-04-18 23:28:45.492508+02|16408|test|17|310146208|0|322851589|1270402025|386802680|360162793|73693645|48691021|0|0|1|500760576|0|||0|0|114425149.341|63498388.114|8799134.71|13747|0|0|0|2022-04-18 21:24:12.572335+02
824|1650317326.513566|2022-04-18 23:28:46.513566+02|16408|test|17|310156462|0|322862190|1270505013|386823532|360183487|73703895|48701271|0|0|1|500760576|0|||0|0|114442671.86|63513134.325|8800973.581|13749|0|0|0|2022-04-18 21:24:12.572335+02
825|1650317327.534435|2022-04-18 23:28:47.534435+02|16408|test|17|310169299|0|322875595|1270633808|386849571|360209347|73716728|48714104|0|0|1|500760576|0|||0|0|114458723.928|63525640.502|8803326.719|13751|0|0|0|2022-04-18 21:24:12.572335+02
826|1650317328.554518|2022-04-18 23:28:48.554518+02|16408|test|17|310179480|0|322886186|1270736045|386870234|360229895|73726905|48724281|0|0|1|500760576|0|||0|0|114474767.454|63538940.511|8805151.676|13753|0|0|0|2022-04-18 21:24:12.572335+02
827|1650317329.575080|2022-04-18 23:28:49.57508+02|16408|test|17|310192124|0|322899449|1270863102|386895895|360255369|73739545|48736921|0|0|1|500760576|0|||0|0|114490800.239|63551376.858|8807557.649|13755|0|0|0|2022-04-18 21:24:12.572335+02
828|1650317330.596031|2022-04-18 23:28:50.596031+02|16408|test|17|310202760|0|322910502|1270970048|386917507|360276827|73750177|48747553|0|0|1|500760576|0|||0|0|114506847.332|63564560.047|8809439.572|13757|0|0|0|2022-04-18 21:24:12.572335+02
829|1650317331.616174|2022-04-18 23:28:51.616174+02|16408|test|17|310215884|0|322924201|1271101675|386944128|360303261|73763297|48760673|0|0|1|500760576|0|||0|0|114522969.312|63577013.698|8811885.55|13759|0|0|0|2022-04-18 21:24:12.572335+02
830|1650317332.636274|2022-04-18 23:28:52.636274+02|16408|test|17|310223812|0|322932466|1271181420|386960274|360319303|73771221|48768597|0|0|1|500760576|0|||0|0|114539008.044|63590848.79|8813344.996|13761|0|0|0|2022-04-18 21:24:12.572335+02
831|1650317333.656207|2022-04-18 23:28:53.656207+02|16408|test|17|310237005|0|322946223|1271313904|386987019|360345875|73784410|48781786|0|0|1|500760576|0|||0|0|114555054.936|63603259.935|8815781.291|13763|0|0|0|2022-04-18 21:24:12.572335+02
832|1650317334.677423|2022-04-18 23:28:54.677423+02|16408|test|17|310248905|0|322958579|1271433567|387011157|360369861|73796306|48793682|0|0|1|500760576|0|||0|0|114571092.883|63615953.116|8818011.548|13765|0|0|0|2022-04-18 21:24:12.572335+02
833|1650317335.696660|2022-04-18 23:28:55.69666+02|16408|test|17|310257906|0|322967928|1271523915|387029456|360388049|73805303|48802679|0|0|1|500760576|0|||0|0|114587131.648|63629523.056|8819657.615|13767|0|0|0|2022-04-18 21:24:12.572335+02
834|1650317336.716497|2022-04-18 23:28:56.716497+02|16408|test|17|310270273|0|322980883|1271647993|387054539|360412969|73817666|48815042|0|0|1|500760576|0|||0|0|114603167.034|63642060.21|8821972.73|13769|0|0|0|2022-04-18 21:24:12.572335+02
835|1650317337.735927|2022-04-18 23:28:57.735927+02|16408|test|17|310277392|0|322988398|1271719572|387069059|360427393|73824781|48822157|0|0|1|500760576|0|||0|0|114620918.841|63657823.239|8823296.762|13771|0|0|0|2022-04-18 21:24:12.572335+02
836|1650317338.755795|2022-04-18 23:28:58.755795+02|16408|test|17|310294029|0|323005734|1271886535|387102749|360460853|73841414|48838790|0|0|1|500760576|0|||0|0|114641479.554|63673725.786|8826411.568|13773|0|0|0|2022-04-18 21:24:12.572335+02
837|1650317339.776438|2022-04-18 23:28:59.776438+02|16408|test|17|310306888|0|323019268|1272015555|387128826|360486757|73854269|48851645|0|0|1|500760576|0|||0|0|114657522.855|63686153.106|8828817.463|13775|0|0|0|2022-04-18 21:24:12.572335+02
838|1650317340.796758|2022-04-18 23:29:00.796758+02|16408|test|17|310318152|0|323030939|1272128613|387151698|360509471|73865529|48862905|0|0|1|500760576|0|||0|0|114674578.051|63700008.431|8830971.992|13777|0|0|0|2022-04-18 21:24:12.572335+02
839|1650317341.817318|2022-04-18 23:29:01.817318+02|16408|test|17|310330793|0|323044111|1272255615|387177328|360534939|73878166|48875542|0|0|1|500760576|0|||0|0|114690617.042|63712723.656|8833146.541|13779|0|0|0|2022-04-18 21:24:12.572335+02
840|1650317342.837611|2022-04-18 23:29:02.837611+02|16408|test|17|310339621|0|323053380|1272344256|387195317|360552781|73886990|48884366|0|0|1|500760576|0|||0|0|114706724.356|63726296.454|8834823.16|13781|0|0|0|2022-04-18 21:24:12.572335+02
841|1650317343.859199|2022-04-18 23:29:03.859199+02|16408|test|17|310350554|0|323064691|1272453968|387217514|360574833|73897919|48895295|0|0|1|500760576|0|||0|0|114722764.907|63739271.544|8836875.282|13783|0|0|0|2022-04-18 21:24:12.572335+02
842|1650317344.879336|2022-04-18 23:29:04.879336+02|16408|test|17|310363709|0|323078324|1272586073|387244181|360601329|73911070|48908446|0|0|1|500760576|0|||0|0|114738805.773|63751688.017|8839303.756|13785|0|0|0|2022-04-18 21:24:12.572335+02
843|1650317345.900199|2022-04-18 23:29:05.900199+02|16408|test|17|310376491|0|323091580|1272714490|387270083|360627079|73923848|48921224|0|0|1|500760576|0|||0|0|114754847.243|63764148.845|8841693.171|13787|0|0|0|2022-04-18 21:24:12.572335+02
844|1650317346.921072|2022-04-18 23:29:06.921072+02|16408|test|17|310387116|0|323102669|1272821160|387291656|360648515|73934469|48931845|0|0|1|500760576|0|||0|0|114771416.298|63777790.034|8843627.751|13789|0|0|0|2022-04-18 21:24:12.572335+02
845|1650317347.942037|2022-04-18 23:29:07.942037+02|16408|test|17|310400165|0|323116130|1272952400|387318105|360674799|73947514|48944890|0|0|1|500760576|0|||0|0|114787956.253|63790726.198|8846028.038|13791|0|0|0|2022-04-18 21:24:12.572335+02
846|1650317348.962134|2022-04-18 23:29:08.962134+02|16408|test|17|310407408|0|323123673|1273025169|387332870|360689471|73954753|48952129|0|0|1|500760576|0|||0|0|114804173.293|63805100.031|8847225.041|13793|0|0|0|2022-04-18 21:24:12.572335+02
847|1650317349.983132|2022-04-18 23:29:09.983132+02|16408|test|17|310420362|0|323137259|1273155209|387359133|360715565|73967703|48965079|0|0|1|500760576|0|||0|0|114820243.922|63817685.295|8849542.123|13795|0|0|0|2022-04-18 21:24:12.572335+02
848|1650317351.003762|2022-04-18 23:29:11.003762+02|16408|test|17|310433187|0|323150657|1273283967|387385157|360741401|73980524|48977900|0|0|1|500760576|0|||0|0|114836282.596|63830077.062|8851981.773|13797|0|0|0|2022-04-18 21:24:12.572335+02
849|1650317352.024884|2022-04-18 23:29:12.024884+02|16408|test|17|310446206|0|323164260|1273414672|387411567|360767625|73993539|48990915|0|0|1|500760576|0|||0|0|114852323.245|63842478.808|8854430.851|13799|0|0|0|2022-04-18 21:24:12.572335+02
850|1650317353.045277|2022-04-18 23:29:13.045277+02|16408|test|17|310456230|0|323174636|1273515423|387431918|360787859|74003559|49000935|0|0|1|500760576|0|||0|0|114868380.192|63855737.617|8856311.949|13801|0|0|0|2022-04-18 21:24:12.572335+02
851|1650317354.066715|2022-04-18 23:29:14.066715+02|16408|test|17|310468962|0|323187911|1273643281|387457740|360813509|74016287|49013663|0|0|1|500760576|0|||0|0|114884456.567|63868288.9|8858666.618|13803|0|0|0|2022-04-18 21:24:12.572335+02
852|1650317355.087353|2022-04-18 23:29:15.087353+02|16408|test|17|310475921|0|323195195|1273713397|387471947|360827613|74023242|49020618|0|0|1|500760576|0|||0|0|114900794.309|63882700.373|8859946.005|13805|0|0|0|2022-04-18 21:24:12.572335+02
853|1650317356.108625|2022-04-18 23:29:16.108625+02|16408|test|17|310488659|0|323208442|1273841210|387497789|360853275|74035976|49033352|0|0|1|500760576|0|||0|0|114916855.134|63895173.008|8862357.964|13807|0|0|0|2022-04-18 21:24:12.572335+02
854|1650317357.129298|2022-04-18 23:29:17.129298+02|16408|test|17|310501391|0|323221777|1273969083|387523609|360878925|74048704|49046080|0|0|1|500760576|0|||0|0|114932888.028|63907631.097|8864752.959|13809|0|0|0|2022-04-18 21:24:12.572335+02
855|1650317358.150083|2022-04-18 23:29:18.150083+02|16408|test|17|310514153|0|323235184|1274097167|387549476|360904635|74061462|49058838|0|0|1|500760576|0|||0|0|114948968.097|63920258.626|8867041.737|13811|0|0|0|2022-04-18 21:24:12.572335+02
856|1650317359.170252|2022-04-18 23:29:19.170252+02|16408|test|17|310524789|0|323246239|1274203916|387571075|360926093|74072094|49069470|0|0|1|500760576|0|||0|0|114965006.02|63933538.586|8868869.771|13813|0|0|0|2022-04-18 21:24:12.572335+02
857|1650317360.191561|2022-04-18 23:29:20.191561+02|16408|test|17|310535791|0|323257676|1274314464|387593400|360948283|74083092|49080468|0|0|1|500760576|0|||0|0|114981184.675|63946576.12|8870971.476|13815|0|0|0|2022-04-18 21:24:12.572335+02
858|1650317361.212542|2022-04-18 23:29:21.212542+02|16408|test|17|310544249|0|323266458|1274399571|387610615|360965385|74091546|49088922|0|0|1|500760576|0|||0|0|114997223.425|63960324.498|8872477.939|13817|0|0|0|2022-04-18 21:24:12.572335+02
859|1650317362.233180|2022-04-18 23:29:22.23318+02|16408|test|17|310556570|0|323279264|1274523213|387635586|360990213|74103863|49101239|0|0|1|500760576|0|||0|0|115013269.799|63972955.928|8874745.143|13819|0|0|0|2022-04-18 21:24:12.572335+02
860|1650317363.253376|2022-04-18 23:29:23.253376+02|16408|test|17|310568947|0|323292172|1274647392|387660688|361015153|74116236|49113612|0|0|1|500760576|0|||0|0|115029317.074|63985617.748|8877009.212|13821|0|0|0|2022-04-18 21:24:12.572335+02
861|1650317364.273711|2022-04-18 23:29:24.273711+02|16408|test|17|310580536|0|323304192|1274763860|387684181|361038517|74127821|49125197|0|0|1|500760576|0|||0|0|115045416.163|63998562.702|8879103.109|13823|0|0|0|2022-04-18 21:24:12.572335+02
862|1650317365.294579|2022-04-18 23:29:25.294579+02|16408|test|17|310591016|0|323315146|1274869249|387705476|361059663|74138297|49135673|0|0|1|500760576|0|||0|0|115061962.931|64012359.702|8880894.225|13825|0|0|0|2022-04-18 21:24:12.572335+02
863|1650317366.315411|2022-04-18 23:29:26.315411+02|16408|test|17|310601458|0|323326015|1274974104|387726692|361080733|74148735|49146111|0|0|1|500760576|0|||0|0|115077658.269|64025281.952|8882722.121|13827|0|0|0|2022-04-18 21:24:12.572335+02
864|1650317367.337014|2022-04-18 23:29:27.337014+02|16408|test|17|310611661|0|323336619|1275076471|387747407|361101325|74158934|49156310|0|0|1|500760576|0|||0|0|115097705.969|64042483.692|8884590.695|13829|0|0|0|2022-04-18 21:24:12.572335+02
865|1650317368.357108|2022-04-18 23:29:28.357108+02|16408|test|17|310624433|0|323349912|1275204719|387773310|361127055|74171702|49169078|0|0|1|500760576|0|||0|0|115115253.602|64056570.675|8886881.077|13831|0|0|0|2022-04-18 21:24:12.572335+02
866|1650317369.377855|2022-04-18 23:29:29.377855+02|16408|test|17|310637059|0|323363082|1275331573|387798910|361152493|74184324|49181700|0|0|1|500760576|0|||0|0|115131804.172|64069600.708|8889230.726|13833|0|0|0|2022-04-18 21:24:12.572335+02
867|1650317370.397559|2022-04-18 23:29:30.397559+02|16408|test|17|310647482|0|323373898|1275436188|387820081|361173525|74194743|49192119|0|0|1|500760576|0|||0|0|115147986.888|64082969.485|8891083.735|13835|0|0|0|2022-04-18 21:24:12.572335+02
868|1650317371.418699|2022-04-18 23:29:31.418699+02|16408|test|17|310658513|0|323385298|1275547095|387842459|361195773|74205770|49203146|0|0|1|500760576|0|||0|0|115164041.167|64096005.246|8893062.572|13837|0|0|0|2022-04-18 21:24:12.572335+02
869|1650317372.439535|2022-04-18 23:29:32.439535+02|16408|test|17|310667579|0|323394805|1275638103|387860894|361214091|74214832|49212208|0|0|1|500760576|0|||0|0|115180166.708|64109684.518|8894667.521|13839|0|0|0|2022-04-18 21:24:12.572335+02
870|1650317373.461170|2022-04-18 23:29:33.46117+02|16408|test|17|310675685|0|323403171|1275719690|387877398|361230489|74222934|49220310|0|0|1|500760576|0|||0|0|115196217.735|64123507.548|8896137.383|13841|0|0|0|2022-04-18 21:24:12.572335+02
871|1650317374.482060|2022-04-18 23:29:34.48206+02|16408|test|17|310688079|0|323416030|1275844189|387902520|361255463|74235324|49232700|0|0|1|500760576|0|||0|0|115212253.079|64136091.984|8898426.432|13843|0|0|0|2022-04-18 21:24:12.572335+02
872|1650317375.502238|2022-04-18 23:29:35.502238+02|16408|test|17|310701101|0|323429647|1275974922|387928923|361281693|74248342|49245718|0|0|1|500760576|0|||0|0|115228292.308|64148385.724|8900931.66|13845|0|0|0|2022-04-18 21:24:12.572335+02
873|1650317376.522416|2022-04-18 23:29:36.522416+02|16408|test|17|310712415|0|323441399|1276088619|387951890|361304507|74259652|49257028|0|0|1|500760576|0|||0|0|115244912.645|64161908.651|8902979.861|13847|0|0|0|2022-04-18 21:24:12.572335+02
874|1650317377.542852|2022-04-18 23:29:37.542852+02|16408|test|17|310724542|0|323453963|1276210387|387976490|361328947|74271775|49269151|0|0|1|500760576|0|||0|0|115260956.168|64174672.434|8905147.717|13849|0|0|0|2022-04-18 21:24:12.572335+02
875|1650317378.562982|2022-04-18 23:29:38.562982+02|16408|test|17|310733434|0|323463284|1276299782|387994562|361346917|74280663|49278039|0|0|1|500760576|0|||0|0|115278738.064|64189904.9|8906822.274|13851|0|0|0|2022-04-18 21:24:12.572335+02
876|1650317379.584884|2022-04-18 23:29:39.584884+02|16408|test|17|310745414|0|323475662|1276420088|388018857|361371063|74292639|49290015|0|0|1|500760576|0|||0|0|115294802.16|64202760.925|8908937.129|13853|0|0|0|2022-04-18 21:24:12.572335+02
877|1650317380.604743|2022-04-18 23:29:40.604743+02|16408|test|17|310752031|0|323482565|1276486650|388032359|361384471|74299253|49296629|0|0|1|500760576|0|||0|0|115302825.46|64209013.791|8910106.939|13854|0|0|0|2022-04-18 21:24:12.572335+02
878|1650317381.615743|2022-04-18 23:29:41.615743+02|16408|test|17|310771583|0|323502906|1276682797|388073178|361423783|74318798|49316174|0|0|1|500760576|0|||0|0|115326874.984|64227450.062|8913864.966|13857|0|0|0|2022-04-18 21:24:12.572335+02
879|1650317382.636274|2022-04-18 23:29:42.636274+02|16408|test|17|310781180|0|323512857|1276779261|388092678|361443163|74328391|49325767|0|0|1|500760576|0|||0|0|115342954.178|64240966.003|8915532.036|13859|0|0|0|2022-04-18 21:24:12.572335+02
880|1650317383.657429|2022-04-18 23:29:43.657429+02|16408|test|17|310793880|0|323526326|1276906620|388118423|361468749|74341087|49338463|0|0|1|500760576|0|||0|0|115359025.748|64253554.573|8917862.979|13861|0|0|0|2022-04-18 21:24:12.572335+02
881|1650317384.677458|2022-04-18 23:29:44.677458+02|16408|test|17|310800994|0|323533766|1276978029|388132915|361483163|74348197|49345573|0|0|1|500760576|0|||0|0|115375117.508|64267730.468|8919113.417|13863|0|0|0|2022-04-18 21:24:12.572335+02
882|1650317385.697474|2022-04-18 23:29:45.697474+02|16408|test|17|310813444|0|323546704|1277102912|388158183|361508249|74360643|49358019|0|0|1|500760576|0|||0|0|115391209.098|64280469.369|8921313.785|13865|0|0|0|2022-04-18 21:24:12.572335+02
883|1650317386.716869|2022-04-18 23:29:46.716869+02|16408|test|17|310826355|0|323560199|1277232581|388184363|361534257|74373550|49370926|0|0|1|500760576|0|||0|0|115407253.264|64292885.063|8923724.375|13867|0|0|0|2022-04-18 21:24:12.572335+02
884|1650317387.737014|2022-04-18 23:29:47.737014+02|16408|test|17|310839463|0|323573829|1277364113|388210928|361560659|74386654|49384030|0|0|1|500760576|0|||0|0|115423293.405|64305217.005|8926235.582|13869|0|0|0|2022-04-18 21:24:12.572335+02
885|1650317388.758066|2022-04-18 23:29:48.758066+02|16408|test|17|310849674|0|323584546|1277466597|388231668|361581267|74396861|49394237|0|0|1|500760576|0|||0|0|115439413.737|64318506.441|8928124.427|13871|0|0|0|2022-04-18 21:24:12.572335+02
886|1650317389.777962|2022-04-18 23:29:49.777962+02|16408|test|17|310862668|0|323598113|1277596960|388258008|361607441|74409851|49407227|0|0|1|500760576|0|||0|0|115455445.858|64330948.325|8930546.056|13873|0|0|0|2022-04-18 21:24:12.572335+02
887|1650317390.798204|2022-04-18 23:29:50.798204+02|16408|test|17|310869785|0|323605515|1277668625|388272525|361621861|74416964|49414340|0|0|1|500760576|0|||0|0|115471985.802|64345502.698|8931865.163|13875|0|0|0|2022-04-18 21:24:12.572335+02
888|1650317391.818914|2022-04-18 23:29:51.818914+02|16408|test|17|310882314|0|323618569|1277794390|388297950|361647105|74429489|49426865|0|0|1|500760576|0|||0|0|115488040.216|64358058.887|8934185.539|13877|0|0|0|2022-04-18 21:24:12.572335+02
889|1650317392.838940|2022-04-18 23:29:52.83894+02|16408|test|17|310895305|0|323632095|1277924822|388324293|361673273|74442476|49439852|0|0|1|500760576|0|||0|0|115504087.195|64370431.428|8936651.363|13879|0|0|0|2022-04-18 21:24:12.572335+02
890|1650317393.859219|2022-04-18 23:29:53.859219+02|16408|test|17|310908235|0|323645565|1278054653|388350495|361699319|74455402|49452778|0|0|1|500760576|0|||0|0|115520128.368|64382829.866|8939088.439|13881|0|0|0|2022-04-18 21:24:12.572335+02
891|1650317394.880429|2022-04-18 23:29:54.880429+02|16408|test|17|310918283|0|323655990|1278155682|388370913|361719601|74465446|49462822|0|0|1|500760576|0|||0|0|115536191.786|64396139.334|8940906.611|13883|0|0|0|2022-04-18 21:24:12.572335+02
892|1650317395.901528|2022-04-18 23:29:55.901528+02|16408|test|17|310930260|0|323668527|1278275810|388395212|361743741|74477419|49474795|0|0|1|500760576|0|||0|0|115552582.167|64409187.259|8943150.98|13885|0|0|0|2022-04-18 21:24:12.572335+02
893|1650317396.922867|2022-04-18 23:29:56.922867+02|16408|test|17|310938444|0|323677116|1278358037|388411866|361760295|74485599|49482975|0|0|1|500760576|0|||0|0|115568804.217|64423267.845|8944528.508|13887|0|0|0|2022-04-18 21:24:12.572335+02
894|1650317397.943490|2022-04-18 23:29:57.94349+02|16408|test|17|310951242|0|323690425|1278486589|388437801|361786077|74498393|49495769|0|0|1|500760576|0|||0|0|115584871.199|64435769.958|8946918.92|13889|0|0|0|2022-04-18 21:24:12.572335+02
895|1650317398.964317|2022-04-18 23:29:58.964317+02|16408|test|17|310965883|0|323705719|1278633470|388467451|361815545|74513030|49510406|0|0|1|500760576|0|||0|0|115602922.291|64449718.452|8949661.731|13891|0|0|0|2022-04-18 21:24:12.572335+02
896|1650317399.985464|2022-04-18 23:29:59.985464+02|16408|test|17|310976345|0|323716619|1278738448|388488685|361836655|74523488|49520864|0|0|1|500760576|0|||0|0|115619072.907|64462951.468|8951592.084|13893|0|0|0|2022-04-18 21:24:12.572335+02
897|1650317401.006946|2022-04-18 23:30:01.006946+02|16408|test|17|310989137|0|323729907|1278866864|388514612|361862425|74536276|49533652|0|0|1|500760576|0|||0|0|115635115.607|64475517.114|8953906.666|13895|0|0|0|2022-04-18 21:24:12.572335+02
898|1650317402.028272|2022-04-18 23:30:02.028272+02|16408|test|17|310997080|0|323738210|1278946845|388530803|361878497|74544215|49541591|0|0|1|500760576|0|||0|0|115651304.724|64489461.556|8955373.691|13897|0|0|0|2022-04-18 21:24:12.572335+02
899|1650317403.050019|2022-04-18 23:30:03.050019+02|16408|test|17|311009100|0|323750696|1279067546|388555177|361902723|74556231|49553607|0|0|1|500760576|0|||0|0|115667345.729|64502326.433|8957465.021|13899|0|0|0|2022-04-18 21:24:12.572335+02
900|1650317404.070742|2022-04-18 23:30:04.070742+02|16408|test|17|311022939|0|323765197|1279206384|388583216|361930587|74570066|49567442|0|0|1|500760576|0|||0|0|115684391.073|64515527.847|8960050.531|13901|0|0|0|2022-04-18 21:24:12.572335+02
901|1650317405.091287|2022-04-18 23:30:05.091287+02|16408|test|17|311036724|0|323779494|1279344887|388611156|361958343|74583847|49581223|0|0|1|500760576|0|||0|0|115701443.351|64528674.648|8962666.128|13903|0|0|0|2022-04-18 21:24:12.572335+02
902|1650317406.112462|2022-04-18 23:30:06.112462+02|16408|test|17|311048450|0|323791637|1279462509|388634925|361981981|74595569|49592945|0|0|1|500760576|0|||0|0|115719500.638|64543477.407|8964844.266|13905|0|0|0|2022-04-18 21:24:12.572335+02
903|1650317407.133840|2022-04-18 23:30:07.13384+02|16408|test|17|311059213|0|323802837|1279570620|388656767|362003693|74606328|49603704|0|0|1|500760576|0|||0|0|115733236.386|64554308.88|8966770.066|13907|0|0|0|2022-04-18 21:24:12.572335+02
904|1650317408.155666|2022-04-18 23:30:08.155666+02|16408|test|17|311067628|0|323811649|1279655126|388673882|362020709|74614739|49612115|0|0|1|500760576|0|||0|0|115751013.943|64569793.16|8968295.646|13909|0|0|0|2022-04-18 21:24:12.572335+02
905|1650317409.177098|2022-04-18 23:30:09.177098+02|16408|test|17|311079912|0|323824441|1279778455|388698798|362045463|74627019|49624395|0|0|1|500760576|0|||0|0|115767052.549|64582431.693|8970555.647|13911|0|0|0|2022-04-18 21:24:12.572335+02
906|1650317410.197317|2022-04-18 23:30:10.197317+02|16408|test|17|311092848|0|323837939|1279908376|388725001|362071521|74639951|49637327|0|0|1|500760576|0|||0|0|115783083.923|64594786.048|8973030.716|13913|0|0|0|2022-04-18 21:24:12.572335+02
907|1650317411.218544|2022-04-18 23:30:11.218544+02|16408|test|17|311105091|0|323850578|1280031129|388749806|362096193|74652190|49649566|0|0|1|500760576|0|||0|0|115799309.959|64607555.815|8975334.23|13915|0|0|0|2022-04-18 21:24:12.572335+02
908|1650317412.240127|2022-04-18 23:30:12.240127+02|16408|test|17|311116990|0|323862990|1280150434|388773924|362120177|74664085|49661461|0|0|1|500760576|0|||0|0|115816361.448|64621390.202|8977447.714|13917|0|0|0|2022-04-18 21:24:12.572335+02
909|1650317413.260103|2022-04-18 23:30:13.260103+02|16408|test|17|311127150|0|323873611|1280252552|388794554|362140683|74674241|49671617|0|0|1|500760576|0|||0|0|115831510.542|64633627.713|8979406.772|13919|0|0|0|2022-04-18 21:24:12.572335+02
910|1650317414.279799|2022-04-18 23:30:14.279799+02|16408|test|17|311138752|0|323885655|1280368899|388818088|362164073|74685839|49683215|0|0|1|500760576|0|||0|0|115851130.751|64650039.228|8981575.836|13921|0|0|0|2022-04-18 21:24:12.572335+02
911|1650317415.300433|2022-04-18 23:30:15.300433+02|16408|test|17|311151634|0|323899104|1280498212|388844194|362190023|74698717|49696093|0|0|1|500760576|0|||0|0|115867174.799|64662420.638|8984011.829|13923|0|0|0|2022-04-18 21:24:12.572335+02
912|1650317416.320368|2022-04-18 23:30:16.320368+02|16408|test|17|311164452|0|323912535|1280626846|388870191|362215845|74711531|49708907|0|0|1|500760576|0|||0|0|115883235.968|64674813.38|8986475.174|13925|0|0|0|2022-04-18 21:24:12.572335+02
913|1650317417.340870|2022-04-18 23:30:17.34087+02|16408|test|17|311174470|0|323922913|1280727381|388890511|362236067|74721545|49718921|0|0|1|500760576|0|||0|0|115899278.421|64688078.708|8988303.208|13927|0|0|0|2022-04-18 21:24:12.572335+02
914|1650317418.362653|2022-04-18 23:30:18.362653+02|16408|test|17|311186672|0|323935675|1280849837|388915253|362260657|74733743|49731119|0|0|1|500760576|0|||0|0|115915319.025|64700794.959|8990513.71|13929|0|0|0|2022-04-18 21:24:12.572335+02
915|1650317419.383486|2022-04-18 23:30:19.383486+02|16408|test|17|311194125|0|323943518|1280924832|388930434|362275749|74741192|49738568|0|0|1|500760576|0|||0|0|115931446.045|64714838.022|8991886.277|13931|0|0|0|2022-04-18 21:24:12.572335+02
916|1650317420.403469|2022-04-18 23:30:20.403469+02|16408|test|17|311205424|0|323955174|1281038215|388953357|362298533|74752487|49749863|0|0|1|500760576|0|||0|0|115947492.038|64727954.48|8993808.28|13933|0|0|0|2022-04-18 21:24:12.572335+02
917|1650317421.423702|2022-04-18 23:30:21.423702+02|16408|test|17|311217747|0|323967966|1281161988|388978350|362323365|74764806|49762182|0|0|1|500760576|0|||0|0|115963529.903|64740512.063|8996134.7|13935|0|0|0|2022-04-18 21:24:12.572335+02
918|1650317422.444914|2022-04-18 23:30:22.444914+02|16408|test|17|311230490|0|323981308|1281289875|389004193|362349037|74777545|49774921|0|0|1|500760576|0|||0|0|115979572.495|64752919.112|8998576.181|13937|0|0|0|2022-04-18 21:24:12.572335+02
919|1650317423.464995|2022-04-18 23:30:23.464995+02|16408|test|17|311240833|0|323992127|1281393762|389025201|362369909|74787884|49785260|0|0|1|500760576|0|||0|0|115995662.604|64766119.548|9000489.706|13939|0|0|0|2022-04-18 21:24:12.572335+02
920|1650317424.486287|2022-04-18 23:30:24.486287+02|16408|test|17|311253670|0|324005377|1281522769|389051225|362395769|74800717|49798093|0|0|1|500760576|0|||0|0|116011704.199|64778727.995|9002758.34|13941|0|0|0|2022-04-18 21:24:12.572335+02
921|1650317425.507243|2022-04-18 23:30:25.507243+02|16408|test|17|311260627|0|324012508|1281592905|389065414|362409869|74807670|49805046|0|0|1|500760576|0|||0|0|116028266.228|64793368.812|9004024.038|13943|0|0|0|2022-04-18 21:24:12.572335+02
922|1650317426.527446|2022-04-18 23:30:26.527446+02|16408|test|17|311273432|0|324025840|1281721460|389091362|362435665|74820471|49817847|0|0|1|500760576|0|||0|0|116044302.577|64805956.096|9006307.341|13945|0|0|0|2022-04-18 21:24:12.572335+02
923|1650317427.547545|2022-04-18 23:30:27.547545+02|16408|test|17|311286198|0|324039191|1281849483|389117241|362461383|74833233|49830609|0|0|1|500760576|0|||0|0|116060375.522|64818382.26|9008772.269|13947|0|0|0|2022-04-18 21:24:12.572335+02
924|1650317428.568072|2022-04-18 23:30:28.568072+02|16408|test|17|311299238|0|324052805|1281980382|389143665|362487649|74846269|49843645|0|0|1|500760576|0|||0|0|116076422.482|64830770.504|9011222.864|13949|0|0|0|2022-04-18 21:24:12.572335+02
925|1650317429.588707|2022-04-18 23:30:29.588707+02|16408|test|17|311310696|0|324064674|1282095341|389166899|362510751|74857723|49855099|0|0|1|500760576|0|||0|0|116093230.014|64844535.401|9013216.97|13951|0|0|0|2022-04-18 21:24:12.572335+02
926|1650317430.608585|2022-04-18 23:30:30.608585+02|16408|test|17|311322379|0|324076908|1282212684|389190582|362534303|74869402|49866778|0|0|1|500760576|0|||0|0|116109385.097|64857414.918|9015398.565|13953|0|0|0|2022-04-18 21:24:12.572335+02
927|1650317431.629113|2022-04-18 23:30:31.629113+02|16408|test|17|311330605|0|324085507|1282295320|389207309|362550941|74877624|49875000|0|0|1|500760576|0|||0|0|116125520.226|64871272.73|9016915.358|13955|0|0|0|2022-04-18 21:24:12.572335+02
928|1650317432.648900|2022-04-18 23:30:32.6489+02|16408|test|17|311343238|0|324098777|1282421973|389232916|362576393|74890253|49887629|0|0|1|500760576|0|||0|0|116141557.783|64883822.406|9019255.311|13957|0|0|0|2022-04-18 21:24:12.572335+02
929|1650317433.670239|2022-04-18 23:30:33.670239+02|16408|test|17|311356251|0|324112313|1282552503|389259279|362602605|74903262|49900638|0|0|1|500760576|0|||0|0|116157592.232|64896190.357|9021706.954|13959|0|0|0|2022-04-18 21:24:12.572335+02
930|1650317434.692511|2022-04-18 23:30:34.692511+02|16408|test|17|311368791|0|324125287|1282678373|389284691|362627871|74915798|49913174|0|0|1|500760576|0|||0|0|116173669.249|64908774.441|9024038.231|13961|0|0|0|2022-04-18 21:24:12.572335+02
931|1650317435.714305|2022-04-18 23:30:35.714305+02|16408|test|17|311379862|0|324136828|1282789530|389307155|362650199|74926865|49924241|0|0|1|500760576|0|||0|0|116190221.097|64922381.792|9025952.491|13963|0|0|0|2022-04-18 21:24:12.572335+02
932|1650317436.734162|2022-04-18 23:30:36.734162+02|16408|test|17|311389823|0|324147180|1282889609|389327367|362670307|74936822|49934198|0|0|1|500760576|0|||0|0|116206953.949|64936378.199|9027756.825|13965|0|0|0|2022-04-18 21:24:12.572335+02
933|1650317437.753365|2022-04-18 23:30:37.753365+02|16408|test|17|311402195|0|324160108|1283013615|389352452|362695237|74949190|49946566|0|0|1|500760576|0|||0|0|116225992.912|64951949.329|9030070.4|13967|0|0|0|2022-04-18 21:24:12.572335+02
934|1650317438.774902|2022-04-18 23:30:38.774902+02|16408|test|17|311414822|0|324173188|1283140367|389378035|362720677|74961813|49959189|0|0|1|500760576|0|||0|0|116242049.319|64964453.678|9032449.473|13969|0|0|0|2022-04-18 21:24:12.572335+02
935|1650317439.795840|2022-04-18 23:30:39.79584+02|16408|test|17|311427998|0|324186891|1283272700|389404734|362747215|74974985|49972361|0|0|1|500760576|0|||0|0|116258086.092|64976838.664|9034903.553|13971|0|0|0|2022-04-18 21:24:12.572335+02
936|1650317440.816408|2022-04-18 23:30:40.816408+02|16408|test|18|311437544|0|324196934|1283368517|389424132|362766493|74984527|49981903|0|0|1|500760576|0|||0|0|116274317.517|64990329.784|9036696.859|13973|0|0|0|2022-04-18 21:24:12.572335+02
937|1650317441.838639|2022-04-18 23:30:41.838639+02|16408|test|18|311445180|0|324204845|1283445236|389439686|362781951|74992159|49989535|0|0|1|500760576|0|||0|0|116286437.305|65000254.363|9038113.322|13975|0|0|0|2022-04-18 21:24:12.572335+02
938|1650317442.860490|2022-04-18 23:30:42.86049+02|16408|test|18|311454694|0|324214773|1283540843|389459025|362801165|75001669|49999045|0|0|1|500760576|0|||0|0|116307049.301|65018135.546|9039918.489|13977|0|0|0|2022-04-18 21:24:12.572335+02
939|1650317443.882351|2022-04-18 23:30:43.882351+02|16408|test|18|311465065|0|324225506|1283645164|389480076|362822093|75012036|50009412|0|0|1|500760576|0|||0|0|116323218.731|65031196.564|9041962.365|13979|0|0|0|2022-04-18 21:24:12.572335+02
940|1650317444.902852|2022-04-18 23:30:44.902852+02|16408|test|18|311471173|0|324231837|1283706550|389492535|362834495|75018140|50015516|0|0|1|500760576|0|||0|0|116339316.048|65045497.951|9043130.765|13981|0|0|0|2022-04-18 21:24:12.572335+02
941|1650317445.923258|2022-04-18 23:30:45.923258+02|16408|test|17|311483364|0|324276331|1283861438|389518672|362859226|75030323|50027699|0|0|1|500760576|0|||0|0|116355351.456|65058009.843|9045441.552|13983|0|0|0|2022-04-18 21:24:12.572335+02
942|1650317446.943350|2022-04-18 23:30:46.94335+02|16408|test|17|311497173|0|324290623|1284000168|389546618|362887030|75044128|50041504|0|0|1|500760576|0|||0|0|116372399.581|65071228.68|9047981.539|13985|0|0|0|2022-04-18 21:24:12.572335+02
943|1650317447.965798|2022-04-18 23:30:47.965798+02|16408|test|17|311510950|0|324304886|1284138369|389574526|362914770|75057901|50055277|0|0|1|500760576|0|||0|0|116390970.853|65085983.064|9050507.151|13987|0|0|0|2022-04-18 21:24:12.572335+02
944|1650317448.986180|2022-04-18 23:30:48.98618+02|16408|test|17|311522188|0|324316728|1284251020|389597325|362937432|75069135|50066511|0|0|1|500760576|0|||0|0|116405778.271|65097737.643|9052541.65|13989|0|0|0|2022-04-18 21:24:12.572335+02
945|1650317450.006166|2022-04-18 23:30:50.006166+02|16408|test|17|311535350|0|324330554|1284382887|389623980|362963942|75082293|50079669|0|0|1|500760576|0|||0|0|116423821.694|65112112.113|9055013.554|13991|0|0|0|2022-04-18 21:24:12.572335+02
946|1650317451.026532|2022-04-18 23:30:51.026532+02|16408|test|17|311546081|0|324341692|1284490704|389645762|362985590|75093020|50090396|0|0|1|500760576|0|||0|0|116439871.546|65125232.1|9056970.588|13993|0|0|0|2022-04-18 21:24:12.572335+02
947|1650317452.046546|2022-04-18 23:30:52.046546+02|16408|test|17|311557608|0|324353699|1284606411|389669111|363008830|75104543|50101919|0|0|1|500760576|0|||0|0|116455919.87|65138148.428|9059064.025|13995|0|0|0|2022-04-18 21:24:12.572335+02
948|1650317453.067449|2022-04-18 23:30:53.067449+02|16408|test|17|311569823|0|324366297|1284729122|389693878|363033446|75116754|50114130|0|0|1|500760576|0|||0|0|116472317.071|65151181.124|9061300.282|13997|0|0|0|2022-04-18 21:24:12.572335+02
949|1650317454.088567|2022-04-18 23:30:54.088567+02|16408|test|17|311580739|0|324377644|1284838776|389716003|363055464|75127666|50125042|0|0|1|500760576|0|||0|0|116488354.751|65164208.437|9063305.415|13999|0|0|0|2022-04-18 21:24:12.572335+02
950|1650317455.108327|2022-04-18 23:30:55.108327+02|16408|test|17|311591074|0|324388505|1284942468|389737000|363076320|75137997|50135373|0|0|1|500760576|0|||0|0|116504395.428|65177398.562|9065203.762|14001|0|0|0|2022-04-18 21:24:12.572335+02
951|1650317456.128878|2022-04-18 23:30:56.128878+02|16408|test|17|311601057|0|324398932|1285042729|389757270|363096472|75147976|50145352|0|0|1|500760576|0|||0|0|116520438.234|65190767.015|9066938.317|14003|0|0|0|2022-04-18 21:24:12.572335+02
952|1650317457.148822|2022-04-18 23:30:57.148822+02|16408|test|17|311613250|0|324411584|1285165154|389781978|363121044|75160165|50157541|0|0|1|500760576|0|||0|0|116536476.373|65203400.208|9069192.691|14005|0|0|0|2022-04-18 21:24:12.572335+02
953|1650317458.169841|2022-04-18 23:30:58.169841+02|16408|test|17|311624217|0|324423186|1285275033|389804209|363143164|75171128|50168504|0|0|1|500760576|0|||0|0|116552857.6|65216755.889|9071175.453|14007|0|0|0|2022-04-18 21:24:12.572335+02
954|1650317459.190179|2022-04-18 23:30:59.190179+02|16408|test|17|311634397|0|324433643|1285377279|389824874|363163710|75181304|50178680|0|0|1|500760576|0|||0|0|116568944.681|65230034.918|9073050.97|14009|0|0|0|2022-04-18 21:24:12.572335+02
955|1650317460.211024|2022-04-18 23:31:00.211024+02|16408|test|17|311645748|0|324445559|1285491334|389847903|363186598|75192651|50190027|0|0|1|500760576|0|||0|0|116584991.932|65243109.974|9075020.636|14011|0|0|0|2022-04-18 21:24:12.572335+02
956|1650317461.231189|2022-04-18 23:31:01.231189+02|16408|test|17|311658202|0|324458552|1285616090|389873147|363211692|75205101|50202477|0|0|1|500760576|0|||0|0|116601032.843|65255841.927|9077203.148|14013|0|0|0|2022-04-18 21:24:12.572335+02
957|1650317462.253343|2022-04-18 23:31:02.253343+02|16408|test|17|311668375|0|324469166|1285718065|389893791|363232224|75215270|50212646|0|0|1|500760576|0|||0|0|116618181.543|65270280.139|9078980.74|14015|0|0|0|2022-04-18 21:24:12.572335+02
958|1650317463.274498|2022-04-18 23:31:03.274498+02|16408|test|17|311681469|0|324482756|1285849478|389920315|363258598|75228360|50225736|0|0|1|500760576|0|||0|0|116634217.219|65282755.745|9081352.117|14017|0|0|0|2022-04-18 21:24:12.572335+02
959|1650317464.294834|2022-04-18 23:31:04.294834+02|16408|test|17|311692074|0|324493869|1285955965|389941842|363279994|75238961|50236337|0|0|1|500760576|0|||0|0|116650253.332|65295881.302|9083281.52|14019|0|0|0|2022-04-18 21:24:12.572335+02
960|1650317465.314491|2022-04-18 23:31:05.314491+02|16408|test|17|311699690|0|324501811|1286032400|389957340|363295412|75246573|50243949|0|0|1|500760576|0|||0|0|116666339.673|65309878.988|9084635.818|14021|0|0|0|2022-04-18 21:24:12.572335+02
961|1650317466.334617|2022-04-18 23:31:06.334617+02|16408|test|17|311712684|0|324515287|1286162682|389983675|363321586|75259563|50256939|0|0|1|500760576|0|||0|0|116682376.872|65322431.022|9086914.492|14023|0|0|0|2022-04-18 21:24:12.572335+02
962|1650317467.354776|2022-04-18 23:31:07.354776+02|16408|test|17|311725439|0|324528540|1286290657|390009548|363347282|75272314|50269690|0|0|1|500760576|0|||0|0|116698420.836|65334915.527|9089299.247|14025|0|0|0|2022-04-18 21:24:12.572335+02
963|1650317468.377223|2022-04-18 23:31:08.377223+02|16408|test|17|311738222|0|324541864|1286418727|390035447|363373034|75285093|50282469|0|0|1|500760576|0|||0|0|116714606.239|65347476.868|9091721.06|14027|0|0|0|2022-04-18 21:24:12.572335+02
964|1650317469.398602|2022-04-18 23:31:09.398602+02|16408|test|17|311748703|0|324552765|1286523869|390056730|363394182|75295570|50292946|0|0|1|500760576|0|||0|0|116730651.421|65360701.748|9093593.61|14029|0|0|0|2022-04-18 21:24:12.572335+02
965|1650317470.418048|2022-04-18 23:31:10.418048+02|16408|test|17|311760027|0|324564459|1286637578|390079711|363417016|75306890|50304266|0|0|1|500760576|0|||0|0|116746773.092|65373571.858|9095772.42|14031|0|0|0|2022-04-18 21:24:12.572335+02
966|1650317471.438815|2022-04-18 23:31:11.438815+02|16408|test|17|311769010|0|324573815|1286727647|390097961|363435168|75315869|50313245|0|0|1|500760576|0|||0|0|116762811.688|65387151.342|9097401.205|14033|0|0|0|2022-04-18 21:24:12.572335+02
967|1650317472.459968|2022-04-18 23:31:12.459968+02|16408|test|17|311781842|0|324587252|1286856262|390123988|363461018|75328697|50326073|0|0|1|500760576|0|||0|0|116778870.074|65399578.963|9099824.27|14035|0|0|0|2022-04-18 21:24:12.572335+02
968|1650317473.481929|2022-04-18 23:31:13.481929+02|16408|test|17|311795099|0|324601083|1286989090|390150842|363487718|75341950|50339326|0|0|1|500760576|0|||0|0|116794913.723|65411984.906|9102274.309|14037|0|0|0|2022-04-18 21:24:12.572335+02
969|1650317474.502577|2022-04-18 23:31:14.502577+02|16408|test|17|311805261|0|324611689|1287090973|390171469|363508228|75352108|50349484|0|0|1|500760576|0|||0|0|116810948.411|65425197.739|9104143.353|14039|0|0|0|2022-04-18 21:24:12.572335+02
970|1650317475.523055|2022-04-18 23:31:15.523055+02|16408|test|17|311818181|0|324625152|1287220499|390197668|363534254|75365024|50362400|0|0|1|500760576|0|||0|0|116826999.181|65437804.268|9106409.916|14041|0|0|0|2022-04-18 21:24:12.572335+02
971|1650317476.543857|2022-04-18 23:31:16.543857+02|16408|test|17|311826147|0|324633423|1287300484|390213874|363550372|75372986|50370362|0|0|1|500760576|0|||0|0|116844791.171|65453269.395|9107959.413|14043|0|0|0|2022-04-18 21:24:12.572335+02
972|1650317477.564448|2022-04-18 23:31:17.564448+02|16408|test|17|311838595|0|324646332|1287425294|390239102|363575454|75385430|50382806|0|0|1|500760576|0|||0|0|116860826.155|65465853.486|9110262.556|14045|0|0|0|2022-04-18 21:24:12.572335+02
973|1650317478.584523|2022-04-18 23:31:18.584523+02|16408|test|17|311851632|0|324659852|1287555958|390265491|363601714|75398463|50395839|0|0|1|500760576|0|||0|0|116876861.224|65478307.783|9112661.936|14047|0|0|0|2022-04-18 21:24:12.572335+02
974|1650317479.605353|2022-04-18 23:31:19.605353+02|16408|test|17|311864465|0|324673322|1287684447|390291494|363627566|75411292|50408668|0|0|1|500760576|0|||0|0|116892898.734|65490777.281|9115076.413|14049|0|0|0|2022-04-18 21:24:12.572335+02
975|1650317480.626524|2022-04-18 23:31:20.626524+02|16408|test|17|311874947|0|324684240|1287789617|390312789|363648716|75421770|50419146|0|0|1|500760576|0|||0|0|116909210.377|65504177.505|9116998.261|14051|0|0|0|2022-04-18 21:24:12.572335+02
976|1650317481.647764|2022-04-18 23:31:21.647764+02|16408|test|17|311887534|0|324697295|1287915790|390338282|363674076|75434353|50431729|0|0|1|500760576|0|||0|0|116925252.679|65516722.752|9119344.254|14053|0|0|0|2022-04-18 21:24:12.572335+02
977|1650317482.668144|2022-04-18 23:31:22.668144+02|16408|test|17|311894665|0|324704706|1287987425|390352815|363688524|75441480|50438856|0|0|1|500760576|0|||0|0|116941943.867|65531302.434|9120770.44|14055|0|0|0|2022-04-18 21:24:12.572335+02
978|1650317483.688411|2022-04-18 23:31:23.688411+02|16408|test|17|311907627|0|324718166|1288117376|390379085|363714634|75454438|50451814|0|0|1|500760576|0|||0|0|116957984.487|65543714.7|9123184.418|14057|0|0|0|2022-04-18 21:24:12.572335+02
979|1650317484.710230|2022-04-18 23:31:24.71023+02|16408|test|17|311920427|0|324731566|1288245766|390405015|363740420|75467234|50464610|0|0|1|500760576|0|||0|0|116974026.771|65556210.019|9125568.4|14059|0|0|0|2022-04-18 21:24:12.572335+02
980|1650317485.731444|2022-04-18 23:31:25.731444+02|16408|test|17|311933445|0|324745120|1288376388|390431383|363766642|75480248|50477624|0|0|1|500760576|0|||0|0|116990064.445|65568586.997|9128038.695|14061|0|0|0|2022-04-18 21:24:12.572335+02
981|1650317486.752453|2022-04-18 23:31:26.752453+02|16408|test|17|311943594|0|324755631|1288478218|390451997|363787126|75490393|50487769|0|0|1|500760576|0|||0|0|117006105.679|65581938.316|9129839.027|14063|0|0|0|2022-04-18 21:24:12.572335+02
982|1650317487.774266|2022-04-18 23:31:27.774266+02|16408|test|17|311956823|0|324769515|1288610825|390478791|363813770|75503618|50500994|0|0|1|500760576|0|||0|0|117022150.496|65594308.634|9132283.776|14065|0|0|0|2022-04-18 21:24:12.572335+02
983|1650317488.796016|2022-04-18 23:31:28.796016+02|16408|test|17|311963621|0|324776476|1288679199|390492647|363827552|75510412|50507788|0|0|1|500760576|0|||0|0|117038689.936|65608964.02|9133538.737|14067|0|0|0|2022-04-18 21:24:12.572335+02
984|1650317489.817146|2022-04-18 23:31:29.817146+02|16408|test|17|311976465|0|324789811|1288808118|390518675|363853426|75523252|50520628|0|0|1|500760576|0|||0|0|117054721.317|65621341.455|9135973.569|14069|0|0|0|2022-04-18 21:24:12.572335+02
985|1650317490.837096|2022-04-18 23:31:30.837096+02|16408|test|17|311995791|0|324810037|1289001950|390557723|363892264|75542574|50539950|0|0|1|500760576|0|||0|0|117078764.722|65639988.532|9139595.333|14071|0|0|0|2022-04-18 21:24:12.572335+02
986|1650317491.857327|2022-04-18 23:31:31.857327+02|16408|test|17|312006315|0|324820847|1289107588|390579071|363913498|75553094|50550470|0|0|1|500760576|0|||0|0|117095162.924|65653510.146|9141477.02|14073|0|0|0|2022-04-18 21:24:12.572335+02
987|1650317492.877387|2022-04-18 23:31:32.877387+02|16408|test|17|312019030|0|324834054|1289235067|390604844|363939114|75565805|50563181|0|0|1|500760576|0|||0|0|117111209.129|65666016.635|9143846.104|14075|0|0|0|2022-04-18 21:24:12.572335+02
988|1650317493.897356|2022-04-18 23:31:33.897356+02|16408|test|17|312025592|0|324840832|1289301174|390618232|363952424|75572363|50569739|0|0|1|500760576|0|||0|0|117127642.765|65680623.647|9145035.005|14077|0|0|0|2022-04-18 21:24:12.572335+02
989|1650317494.918306|2022-04-18 23:31:34.918306+02|16408|test|17|312038690|0|324854539|1289432479|390644751|363978806|75585457|50582833|0|0|1|500760576|0|||0|0|117143677.613|65693114.3|9147412.472|14079|0|0|0|2022-04-18 21:24:12.572335+02
990|1650317495.939538|2022-04-18 23:31:35.939538+02|16408|test|17|312051671|0|324868154|1289562764|390671060|364004954|75598434|50595810|0|0|1|500760576|0|||0|0|117159710.89|65705558.6|9149801.601|14081|0|0|0|2022-04-18 21:24:12.572335+02
991|1650317496.960736|2022-04-18 23:31:36.960736+02|16408|test|17|312064681|0|324881614|1289693283|390697405|364031160|75611440|50608816|0|0|1|500760576|0|||0|0|117175843.342|65718085.959|9152206.299|14083|0|0|0|2022-04-18 21:24:12.572335+02
992|1650317497.980610|2022-04-18 23:31:37.98061+02|16408|test|17|312075145|0|324892479|1289798380|390718651|364052274|75621900|50619276|0|0|1|500760576|0|||0|0|117191945.446|65731482.709|9153961.414|14085|0|0|0|2022-04-18 21:24:12.572335+02
993|1650317499.001905|2022-04-18 23:31:39.001905+02|16408|test|17|312087967|0|324905863|1289927051|390744647|364078104|75634718|50632094|0|0|1|500760576|0|||0|0|117207981.673|65743859.537|9156416.457|14087|0|0|0|2022-04-18 21:24:12.572335+02
994|1650317500.022413|2022-04-18 23:31:40.022413+02|16408|test|17|312095086|0|324913263|1289998712|390759136|364092528|75641833|50639209|0|0|1|500760576|0|||0|0|117224063.859|65757976.322|9157727.995|14089|0|0|0|2022-04-18 21:24:12.572335+02
995|1650317501.043040|2022-04-18 23:31:41.04304+02|16408|test|17|312108258|0|324927025|1290130824|390787090|364119068|75654999|50652375|0|0|1|500760576|0|||0|0|117240097.186|65770515.831|9160051.499|14091|0|0|0|2022-04-18 21:24:12.572335+02
996|1650317502.064727|2022-04-18 23:31:42.064727+02|16408|test|17|312121286|0|324940565|1290261580|390813474|364145310|75668023|50665399|0|0|1|500760576|0|||0|0|117256129.114|65782992.208|9162429.603|14093|0|0|0|2022-04-18 21:24:12.572335+02
997|1650317503.085527|2022-04-18 23:31:43.085527+02|16408|test|17|312133828|0|324953501|1290387370|390838900|364170580|75680561|50677937|0|0|1|500760576|0|||0|0|117272224.295|65795533.519|9164802.064|14095|0|0|0|2022-04-18 21:24:12.572335+02
998|1650317504.106691|2022-04-18 23:31:44.106691+02|16408|test|17|312144174|0|324964275|1290491358|390859902|364191458|75690903|50688279|0|0|1|500760576|0|||0|0|117288489.48|65808923.451|9166700.158|14097|0|0|0|2022-04-18 21:24:12.572335+02
999|1650317505.127814|2022-04-18 23:31:45.127814+02|16408|test|17|312154828|0|324975402|1290598247|390881524|364212952|75701553|50698929|0|0|1|500760576|0|||0|0|117304723.529|65822214.56|9168669.183|14099|0|0|0|2022-04-18 21:24:12.572335+02
1000|1650317506.148784|2022-04-18 23:31:46.148784+02|16408|test|17|312162403|0|324983229|1290674452|390896944|364228288|75709124|50706500|0|0|1|500760576|0|||0|0|117320755.599|65836269.964|9169933.713|14101|0|0|0|2022-04-18 21:24:12.572335+02
1001|1650317507.169829|2022-04-18 23:31:47.169829+02|16408|test|17|312175158|0|324996551|1290802491|390922795|364253984|75721875|50719251|0|0|1|500760576|0|||0|0|117336793.857|65848660.096|9172389.717|14103|0|0|0|2022-04-18 21:24:12.572335+02
1002|1650317508.190468|2022-04-18 23:31:48.190468+02|16408|test|17|312188149|0|325010143|1290932841|390949105|364280152|75734862|50732238|0|0|1|500760576|0|||0|0|117352826.482|65861069.934|9174820.863|14105|0|0|0|2022-04-18 21:24:12.572335+02
1003|1650317509.212990|2022-04-18 23:31:49.21299+02|16408|test|17|312201179|0|325023730|1291063509|390975510|364306398|75747888|50745264|0|0|1|500760576|0|||0|0|117368858.558|65873444.454|9177253.281|14107|0|0|0|2022-04-18 21:24:12.572335+02
1004|1650317510.233108|2022-04-18 23:31:50.233108+02|16408|test|17|312212211|0|325035253|1291174387|390997897|364328648|75758916|50756292|0|0|1|500760576|0|||0|0|117384980.033|65886510.137|9179273.203|14109|0|0|0|2022-04-18 21:24:12.572335+02
1005|1650317511.253691|2022-04-18 23:31:51.253691+02|16408|test|17|312224355|0|325047922|1291296218|391022509|364353122|75771056|50768432|0|0|1|500760576|0|||0|0|117401017.436|65899142.789|9181541.64|14111|0|0|0|2022-04-18 21:24:12.572335+02
1006|1650317512.273828|2022-04-18 23:31:52.273828+02|16408|test|17|312234313|0|325058329|1291396030|391042735|364373224|75781010|50778386|0|0|1|500760576|0|||0|0|117417059.35|65912479.904|9183329.08|14113|0|0|0|2022-04-18 21:24:12.572335+02
1007|1650317513.293268|2022-04-18 23:31:53.293268+02|16408|test|17|312246190|0|325070661|1291515293|391066817|364397164|75792883|50790259|0|0|1|500760576|0|||0|0|117433981.95|65926180.779|9185485.46|14115|0|0|0|2022-04-18 21:24:12.572335+02
1008|1650317514.314159|2022-04-18 23:31:54.314159+02|16408|test|17|312258693|0|325083772|1291640817|391092140|364422356|75805382|50802758|0|0|1|500760576|0|||0|0|117450023.568|65938899.462|9187653.334|14117|0|0|0|2022-04-18 21:24:12.572335+02
1009|1650317515.334976|2022-04-18 23:31:55.334976+02|16408|test|17|312269435|0|325094983|1291748471|391113952|364444026|75816120|50813496|0|0|1|500760576|0|||0|0|117466051.825|65951971.624|9189627.303|14119|0|0|0|2022-04-18 21:24:12.572335+02
1010|1650317516.355084|2022-04-18 23:31:56.355084+02|16408|test|17|312280345|0|325106424|1291857870|391136081|364466032|75827026|50824402|0|0|1|500760576|0|||0|0|117482115.283|65964980.72|9191663.526|14121|0|0|0|2022-04-18 21:24:12.572335+02
1011|1650317517.376175|2022-04-18 23:31:57.376175+02|16408|test|17|312290386|0|325116975|1291958581|391156465|364486300|75837063|50834439|0|0|1|500760576|0|||0|0|117498457.193|65978640.277|9193418.938|14123|0|0|0|2022-04-18 21:24:12.572335+02
1012|1650317518.396263|2022-04-18 23:31:58.396263+02|16408|test|17|312303507|0|325130713|1292090091|391183027|364512728|75850180|50847556|0|0|1|500760576|0|||0|0|117514549.665|65991152.136|9195836.947|14125|0|0|0|2022-04-18 21:24:12.572335+02
1013|1650317519.416340|2022-04-18 23:31:59.41634+02|16408|test|17|312314511|0|325142077|1292200612|391205332|364534922|75861180|50858556|0|0|1|500760576|0|||0|0|117530973.384|66004582.782|9197793.207|14127|0|0|0|2022-04-18 21:24:12.572335+02
1014|1650317520.436758|2022-04-18 23:32:00.436758+02|16408|test|17|312325728|0|325153774|1292313275|391228063|364557542|75872393|50869769|0|0|1|500760576|0|||0|0|117547165.636|66017704.918|9199848.491|14129|0|0|0|2022-04-18 21:24:12.572335+02
1015|1650317521.458129|2022-04-18 23:32:01.458129+02|16408|test|17|312337329|0|325165908|1292429591|391251572|364580930|75883990|50881366|0|0|1|500760576|0|||0|0|117563204.773|66030606.388|9201924.194|14131|0|0|0|2022-04-18 21:24:12.572335+02
1016|1650317522.478580|2022-04-18 23:32:02.47858+02|16408|test|17|312348311|0|325177287|1292539858|391273847|364603080|75894968|50892344|0|0|1|500760576|0|||0|0|117579299.88|66043704.274|9203904.29|14133|0|0|0|2022-04-18 21:24:12.572335+02
1017|1650317523.499351|2022-04-18 23:32:03.499351+02|16408|test|17|312357287|0|325186627|1292630032|391292071|364621218|75903940|50901316|0|0|1|500760576|0|||0|0|117595392.133|66057296.289|9205560.778|14135|0|0|0|2022-04-18 21:24:12.572335+02
1018|1650317524.520656|2022-04-18 23:32:04.520656+02|16408|test|17|312369890|0|325199814|1292756416|391317614|364646610|75916539|50913915|0|0|1|500760576|0|||0|0|117611428.269|66069961.662|9207773.91|14137|0|0|0|2022-04-18 21:24:12.572335+02
1019|1650317525.540167|2022-04-18 23:32:05.540167+02|16408|test|17|312382765|0|325213165|1292885523|391343709|364672546|75929410|50926786|0|0|1|500760576|0|||0|0|117627474.246|66082395.915|9210203.829|14139|0|0|0|2022-04-18 21:24:12.572335+02
1020|1650317526.560506|2022-04-18 23:32:06.560506+02|16408|test|17|312393215|0|325224092|1292990454|391364905|364693632|75939856|50937232|0|0|1|500760576|0|||0|0|117643509.143|66095615.44|9212070.468|14141|0|0|0|2022-04-18 21:24:12.572335+02
1021|1650317527.581739|2022-04-18 23:32:07.581739+02|16408|test|17|312406832|0|325238366|1293126810|391392495|364721052|75953469|50950845|0|0|1|500760576|0|||0|0|117662045.237|66110390.675|9214566.038|14143|0|0|0|2022-04-18 21:24:12.572335+02
1022|1650317528.601505|2022-04-18 23:32:08.601505+02|16408|test|17|312422107|0|325254086|1293280209|391423409|364751788|75968740|50966116|0|0|1|500760576|0|||0|0|117682589.835|66126743.425|9217351.795|14145|0|0|0|2022-04-18 21:24:12.572335+02
1023|1650317529.621899|2022-04-18 23:32:09.621899+02|16408|test|17|312429594|0|325261965|1293355456|391438659|364766948|75976223|50973599|0|0|1|500760576|0|||0|0|117699754.53|66141881.033|9218665.28|14147|0|0|0|2022-04-18 21:24:12.572335+02
1024|1650317530.642459|2022-04-18 23:32:10.642459+02|16408|test|17|312441446|0|325274343|1293474503|391462700|364790838|75988071|50985447|0|0|1|500760576|0|||0|0|117715793.731|66154717.996|9220776.741|14149|0|0|0|2022-04-18 21:24:12.572335+02
1025|1650317531.663021|2022-04-18 23:32:11.663021+02|16408|test|17|312453689|0|325287100|1293597133|391487506|364815510|76000310|50997686|0|0|1|500760576|0|||0|0|117731829.094|66167420.062|9223013.246|14151|0|0|0|2022-04-18 21:24:12.572335+02
1026|1650317532.683553|2022-04-18 23:32:12.683553+02|16408|test|17|312463725|0|325297539|1293697749|391507874|364835768|76010342|51007718|0|0|1|500760576|0|||0|0|117747968.931|66180784.571|9224840.19|14153|0|0|0|2022-04-18 21:24:12.572335+02
1027|1650317533.704639|2022-04-18 23:32:13.704639+02|16408|test|17|312475083|0|325309481|1293811622|391530898|364858670|76021696|51019072|0|0|1|500760576|0|||0|0|117764005.092|66193768.515|9226865.312|14155|0|0|0|2022-04-18 21:24:12.572335+02
1028|1650317534.725312|2022-04-18 23:32:14.725312+02|16408|test|17|312485156|0|325319893|1293912915|391551334|364879002|76031765|51029141|0|0|1|500760576|0|||0|0|117780140.505|66207099.385|9228728.37|14157|0|0|0|2022-04-18 21:24:12.572335+02
1029|1650317535.745929|2022-04-18 23:32:15.745929+02|16408|test|17|312494209|0|325329292|1294003808|391569722|364897294|76040814|51038190|0|0|1|500760576|0|||0|0|117796210.778|66220691.507|9230376.292|14159|0|0|0|2022-04-18 21:24:12.572335+02
1030|1650317536.766234|2022-04-18 23:32:16.766234+02|16408|test|17|312506756|0|325342422|1294129761|391595147|364922574|76053357|51050733|0|0|1|500760576|0|||0|0|117812276.924|66233233.352|9232735.62|14161|0|0|0|2022-04-18 21:24:12.572335+02
1031|1650317537.786963|2022-04-18 23:32:17.786963+02|16408|test|17|312519437|0|325355497|1294256972|391620847|364948122|76066034|51063410|0|0|1|500760576|0|||0|0|117828315.696|66245761.896|9235075.73|14163|0|0|0|2022-04-18 21:24:12.572335+02
1032|1650317538.807283|2022-04-18 23:32:18.807283+02|16408|test|17|312530119|0|325366729|1294364261|391642514|364969672|76076712|51074088|0|0|1|500760576|0|||0|0|117844514.013|66258948.481|9237080.264|14165|0|0|0|2022-04-18 21:24:12.572335+02
1033|1650317539.827397|2022-04-18 23:32:19.827397+02|16408|test|17|312541784|0|325378862|1294481139|391666154|364993188|76088373|51085749|0|0|1|500760576|0|||0|0|117860559.461|66271868.285|9239115.024|14167|0|0|0|2022-04-18 21:24:12.572335+02
1034|1650317540.847521|2022-04-18 23:32:20.847521+02|16408|test|17|312551598|0|325389087|1294579513|391686081|365013002|76098183|51095559|0|0|1|500760576|0|||0|0|117876681.492|66285274.544|9240927.752|14169|0|0|0|2022-04-18 21:24:12.572335+02
1035|1650317541.867429|2022-04-18 23:32:21.867429+02|16408|test|17|312560322|0|325398224|1294667002|391703824|365030636|76106903|51104279|0|0|1|500760576|0|||0|0|117892722.519|66298955.786|9242485.168|14171|0|0|0|2022-04-18 21:24:12.572335+02
1036|1650317542.888071|2022-04-18 23:32:22.888071+02|16408|test|17|312572463|0|325410821|1294788837|391728421|365055104|76119040|51116416|0|0|1|500760576|0|||0|0|117908789.502|66311770.072|9244639.168|14173|0|0|0|2022-04-18 21:24:12.572335+02
1037|1650317543.908281|2022-04-18 23:32:23.908281+02|16408|test|17|312584256|0|325423114|1294907211|391752309|365078876|76130829|51128205|0|0|1|500760576|0|||0|0|117924822.652|66324660.714|9246699.287|14175|0|0|0|2022-04-18 21:24:12.572335+02
1038|1650317544.929392|2022-04-18 23:32:24.929392+02|16408|test|17|312596043|0|325435474|1295025451|391776196|365102636|76142612|51139988|0|0|1|500760576|0|||0|0|117940870.593|66337446.873|9248869.67|14177|0|0|0|2022-04-18 21:24:12.572335+02
1039|1650317545.949175|2022-04-18 23:32:25.949175+02|16408|test|17|312605562|0|325445374|1295120937|391795541|365121860|76152127|51149503|0|0|1|500760576|0|||0|0|117956913.469|66350906.511|9250571.56|14179|0|0|0|2022-04-18 21:24:12.572335+02
1040|1650317546.969889|2022-04-18 23:32:26.969889+02|16408|test|17|312617109|0|325457415|1295236824|391818948|365145140|76163670|51161046|0|0|1|500760576|0|||0|0|117973414.619|66364157.855|9252759.39|14181|0|0|0|2022-04-18 21:24:12.572335+02
1041|1650317547.991793|2022-04-18 23:32:27.991793+02|16408|test|17|312623824|0|325464439|1295304330|391832645|365158756|76170381|51167757|0|0|1|500760576|0|||0|0|117989545.551|66378411.582|9254009.747|14183|0|0|0|2022-04-18 21:24:12.572335+02
1042|1650317549.012026|2022-04-18 23:32:29.012026+02|16408|test|17|312635963|0|325477120|1295426160|391857265|365183220|76182516|51179892|0|0|1|500760576|0|||0|0|118005640.331|66391174.105|9256231.803|14185|0|0|0|2022-04-18 21:24:12.572335+02
1043|1650317550.031966|2022-04-18 23:32:30.031966+02|16408|test|17|312648449|0|325490143|1295551497|391882588|365208378|76194998|51192374|0|0|1|500760576|0|||0|0|118021683.107|66403884.037|9258417.231|14187|0|0|0|2022-04-18 21:24:12.572335+02
1044|1650317551.052545|2022-04-18 23:32:31.052545+02|16408|test|17|312660858|0|325503091|1295675954|391907732|365233382|76207403|51204779|0|0|1|500760576|0|||0|0|118037717.735|66416441.261|9260756.132|14189|0|0|0|2022-04-18 21:24:12.572335+02
1045|1650317552.072624|2022-04-18 23:32:32.072624+02|16408|test|17|312670632|0|325513288|1295774083|391927584|365253116|76217173|51214549|0|0|1|500760576|0|||0|0|118053758.255|66429798.967|9262526.072|14191|0|0|0|2022-04-18 21:24:12.572335+02
1046|1650317553.092912|2022-04-18 23:32:33.092912+02|16408|test|17|312682904|0|325526095|1295897207|391952447|365277846|76229441|51226817|0|0|1|500760576|0|||0|0|118070170.501|66442834.895|9264740.517|14193|0|0|0|2022-04-18 21:24:12.572335+02
1047|1650317554.112074|2022-04-18 23:32:34.112074+02|16408|test|17|312690217|0|325533707|1295970584|391967337|365292658|76236750|51234126|0|0|1|500760576|0|||0|0|118086663.083|66457328.576|9266083.574|14195|0|0|0|2022-04-18 21:24:12.572335+02
1048|1650317555.132656|2022-04-18 23:32:35.132656+02|16408|test|17|312703319|0|325547299|1296102022|391993875|365319048|76249848|51247224|0|0|1|500760576|0|||0|0|118102714.435|66469662.308|9268567.303|14197|0|0|0|2022-04-18 21:24:12.572335+02
1049|1650317556.153664|2022-04-18 23:32:36.153664+02|16408|test|17|312716143|0|325560523|1296230917|392019856|365344882|76262668|51260044|0|0|1|500760576|0|||0|0|118118760.463|66482142.42|9270967.284|14199|0|0|0|2022-04-18 21:24:12.572335+02
1050|1650317557.174686|2022-04-18 23:32:37.174686+02|16408|test|17|312727882|0|325572822|1296348588|392043648|365368546|76274403|51271779|0|0|1|500760576|0|||0|0|118135674.908|66495793.679|9273141.673|14201|0|0|0|2022-04-18 21:24:12.572335+02
1051|1650317558.194853|2022-04-18 23:32:38.194853+02|16408|test|17|312739742|0|325585115|1296467726|392067684|365392452|76286259|51283635|0|0|1|500760576|0|||0|0|118151708.376|66508739.383|9275169.481|14203|0|0|0|2022-04-18 21:24:12.572335+02
1052|1650317559.216252|2022-04-18 23:32:39.216252+02|16408|test|17|312748722|0|325594539|1296557963|392085936|365410598|76295235|51292611|0|0|1|500760576|0|||0|0|118168714.25|66523234.32|9276852|14205|0|0|0|2022-04-18 21:24:12.572335+02
1053|1650317560.236337|2022-04-18 23:32:40.236337+02|16408|test|17|312758957|0|325605144|1296660608|392106705|365431254|76305466|51302842|0|0|1|500760576|0|||0|0|118184755.571|66536537.458|9278619.29|14207|0|0|0|2022-04-18 21:24:12.572335+02
1054|1650317561.256180|2022-04-18 23:32:41.25618+02|16408|test|18|312771760|0|325618350|1296789996|392132768|365457046|76318265|51315641|0|0|1|500760576|0|||0|0|118200799.834|66548863.56|9281094.449|14209|0|0|0|2022-04-18 21:24:12.572335+02
1055|1650317562.276554|2022-04-18 23:32:42.276554+02|16408|test|18|312782018|0|325629068|1296896352|392154158|365477748|76328519|51325895|0|0|1|500760576|0|||0|0|118216833.534|66561863.714|9283091.155|14211|0|0|0|2022-04-18 21:24:12.572335+02
1056|1650317563.298447|2022-04-18 23:32:43.298447+02|16408|test|17|312793004|0|325665111|1297018791|392178950|365500072|76339497|51336877|0|0|1|500760576|0|||0|0|118232881.199|66574690.204|9285198.07|14213|0|0|0|2022-04-18 21:24:12.572335+02
1057|1650317564.319636|2022-04-18 23:32:44.319636+02|16408|test|17|312802113|0|325674608|1297111211|392197736|365518656|76348602|51345982|0|0|1|500760576|0|||0|0|118248946.879|66588129.749|9286932.172|14215|0|0|0|2022-04-18 21:24:12.572335+02
1058|1650317565.340729|2022-04-18 23:32:45.340729+02|16408|test|17|312813925|0|325686965|1297229770|392221680|365542466|76360410|51357790|0|0|1|500760576|0|||0|0|118265988.524|66601981.297|9289034.39|14217|0|0|0|2022-04-18 21:24:12.572335+02
1059|1650317566.361008|2022-04-18 23:32:46.361008+02|16408|test|17|312826355|0|325699948|1297354296|392246853|365567512|76372836|51370216|0|0|1|500760576|0|||0|0|118283032.178|66615678.349|9291205.951|14219|0|0|0|2022-04-18 21:24:12.572335+02
1060|1650317567.382326|2022-04-18 23:32:47.382326+02|16408|test|17|312837645|0|325711782|1297467578|392269751|365590278|76384122|51381502|0|0|1|500760576|0|||0|0|118302585.463|66632492.254|9292853.898|14221|0|0|0|2022-04-18 21:24:12.572335+02
1061|1650317568.402253|2022-04-18 23:32:48.402253+02|16408|test|17|312844953|0|325719356|1297541071|392284631|365605080|76391426|51388806|0|0|1|500760576|0|||0|0|118318754.842|66646989.576|9293837.775|14223|0|0|0|2022-04-18 21:24:12.572335+02
1062|1650317569.422342|2022-04-18 23:32:49.422342+02|16408|test|17|312854360|0|325729140|1297635477|392303739|365624080|76400829|51398209|0|0|1|500760576|0|||0|0|118334794.67|66660832.642|9295108.216|14225|0|0|0|2022-04-18 21:24:12.572335+02
1063|1650317570.442860|2022-04-18 23:32:50.44286+02|16408|test|17|312863850|0|325739015|1297730654|392323008|365643246|76410315|51407695|0|0|1|500760576|0|||0|0|118350842.261|66674637.947|9296439.485|14227|0|0|0|2022-04-18 21:24:12.572335+02
1064|1650317571.463825|2022-04-18 23:32:51.463825+02|16408|test|17|312869244|0|325744614|1297784888|392334027|365654220|76415705|51413085|0|0|1|500760576|0|||0|0|118367649.263|66690034.301|9297297.22|14229|0|0|0|2022-04-18 21:24:12.572335+02
1065|1650317572.483688|2022-04-18 23:32:52.483688+02|16408|test|17|312878746|0|325754568|1297880150|392353335|365673410|76425203|51422583|0|0|1|500760576|0|||0|0|118383692.059|66703698.399|9298729.498|14231|0|0|0|2022-04-18 21:24:12.572335+02
1066|1650317573.504000|2022-04-18 23:32:53.504+02|16408|test|17|312888356|0|325764734|1297976431|392372854|365692816|76434809|51432189|0|0|1|500760576|0|||0|0|118399735.206|66717375.578|9300153.904|14233|0|0|0|2022-04-18 21:24:12.572335+02
1067|1650317574.524535|2022-04-18 23:32:54.524535+02|16408|test|17|312898449|0|325775165|1298077683|392393324|365713188|76444898|51442278|0|0|1|500760576|0|||0|0|118415780.358|66730894.244|9301700.35|14235|0|0|0|2022-04-18 21:24:12.572335+02
1068|1650317575.544779|2022-04-18 23:32:55.544779+02|16408|test|17|312908558|0|325785626|1298179109|392413835|365733592|76455003|51452383|0|0|1|500760576|0|||0|0|118431816.635|66744396.792|9303231.123|14237|0|0|0|2022-04-18 21:24:12.572335+02
1069|1650317576.565388|2022-04-18 23:32:56.565388+02|16408|test|17|312916347|0|325793724|1298257276|392429678|365749356|76462788|51460168|0|0|1|500760576|0|||0|0|118448008.426|66758586.852|9304477.72|14239|0|0|0|2022-04-18 21:24:12.572335+02
1070|1650317577.586109|2022-04-18 23:32:57.586109+02|16408|test|17|312926761|0|325804678|1298361573|392450807|365770370|76473198|51470578|0|0|1|500760576|0|||0|0|118464053.15|66772067.767|9306039.313|14241|0|0|0|2022-04-18 21:24:12.572335+02
1071|1650317578.606468|2022-04-18 23:32:58.606468+02|16408|test|17|312932390|0|325810521|1298418186|392462320|365781814|76478823|51476203|0|0|1|500760576|0|||0|0|118480995.059|66787589.261|9306894.771|14243|0|0|0|2022-04-18 21:24:12.572335+02
1072|1650317579.626569|2022-04-18 23:32:59.626569+02|16408|test|17|312943054|0|325821568|1298525178|392483958|365803328|76489483|51486863|0|0|1|500760576|0|||0|0|118497037.91|66801000.395|9308505.331|14245|0|0|0|2022-04-18 21:24:12.572335+02
1073|1650317580.646294|2022-04-18 23:33:00.646294+02|16408|test|17|312954576|0|325833567|1298640650|392507306|365826558|76501001|51498381|0|0|1|500760576|0|||0|0|118513077.287|66814060.781|9310352.46|14247|0|0|0|2022-04-18 21:24:12.572335+02
1074|1650317581.666603|2022-04-18 23:33:01.666603+02|16408|test|17|312966466|0|325845912|1298759783|392531395|365850524|76512887|51510267|0|0|1|500760576|0|||0|0|118529116.717|66827200.009|9312122.774|14249|0|0|0|2022-04-18 21:24:12.572335+02
1075|1650317582.687700|2022-04-18 23:33:02.6877+02|16408|test|17|312976049|0|325855933|1298855897|392550865|365869876|76522466|51519846|0|0|1|500760576|0|||0|0|118545223.534|66840779.251|9313680.816|14251|0|0|0|2022-04-18 21:24:12.572335+02
1076|1650317583.707977|2022-04-18 23:33:03.707977+02|16408|test|17|312988104|0|325868476|1298976724|392575302|365894172|76534517|51531897|0|0|1|500760576|0|||0|0|118561259.044|66853688.415|9315603.597|14253|0|0|0|2022-04-18 21:24:12.572335+02
1077|1650317584.730183|2022-04-18 23:33:04.730183+02|16408|test|17|312997202|0|325877900|1299068043|392593793|365912554|76543611|51540991|0|0|1|500760576|0|||0|0|118577580.851|66867598.356|9317130.277|14255|0|0|0|2022-04-18 21:24:12.572335+02
1078|1650317585.751348|2022-04-18 23:33:05.751348+02|16408|test|17|313006632|0|325887735|1299162636|392612952|365931600|76553037|51550417|0|0|1|500760576|0|||0|0|118593647.304|66881180.024|9318703.044|14257|0|0|0|2022-04-18 21:24:12.572335+02
1079|1650317586.772529|2022-04-18 23:33:06.772529+02|16408|test|17|313019594|0|325901232|1299292611|392639226|365957710|76565995|51563375|0|0|1|500760576|0|||0|0|118609684.776|66893743.821|9320912.418|14259|0|0|0|2022-04-18 21:24:12.572335+02
1080|1650317587.793396|2022-04-18 23:33:07.793396+02|16408|test|17|313032437|0|325914649|1299421240|392665241|365983582|76578834|51576214|0|0|1|500760576|0|||0|0|118625724.76|66906429.212|9323049.436|14261|0|0|0|2022-04-18 21:24:12.572335+02
1081|1650317588.813609|2022-04-18 23:33:08.813609+02|16408|test|17|313042662|0|325925322|1299523735|392685987|366004218|76589055|51586435|0|0|1|500760576|0|||0|0|118641803.655|66919877.771|9324730.429|14263|0|0|0|2022-04-18 21:24:12.572335+02
1082|1650317589.835034|2022-04-18 23:33:09.835034+02|16408|test|17|313057845|0|325940988|1299675867|392716682|366034770|76604234|51601614|0|0|1|500760576|0|||0|0|118659841.774|66933933.8|9327305.416|14265|0|0|0|2022-04-18 21:24:12.572335+02
1083|1650317590.855848|2022-04-18 23:33:10.855848+02|16408|test|17|313065888|0|325949445|1299756483|392733032|366051042|76612273|51609653|0|0|1|500760576|0|||0|0|118677555.485|66949405.498|9328739.732|14267|0|0|0|2022-04-18 21:24:12.572335+02
1084|1650317591.876686|2022-04-18 23:33:11.876686+02|16408|test|17|313079727|0|325963731|1299895216|392761037|366078906|76626108|51623488|0|0|1|500760576|0|||0|0|118693589.957|66961534.589|9331277.903|14269|0|0|0|2022-04-18 21:24:12.572335+02
1085|1650317592.898039|2022-04-18 23:33:12.898039+02|16408|test|17|313093304|0|325977942|1300031181|392788532|366106246|76639681|51637061|0|0|1|500760576|0|||0|0|118709630.702|66973835.898|9333700.293|14271|0|0|0|2022-04-18 21:24:12.572335+02
1086|1650317593.918335|2022-04-18 23:33:13.918335+02|16408|test|17|313106506|0|325991714|1300163422|392815266|366132836|76652879|51650259|0|0|1|500760576|0|||0|0|118725714.481|66986190.731|9336145.95|14273|0|0|0|2022-04-18 21:24:12.572335+02
1087|1650317594.938802|2022-04-18 23:33:14.938802+02|16408|test|17|313118347|0|326003976|1300282139|392839262|366156704|76664716|51662096|0|0|1|500760576|0|||0|0|118741753.138|66998929.203|9338267.308|14275|0|0|0|2022-04-18 21:24:12.572335+02
1088|1650317595.959728|2022-04-18 23:33:15.959728+02|16408|test|17|313128266|0|326014297|1300381620|392859396|366176728|76674631|51672011|0|0|1|500760576|0|||0|0|118757926.712|67012335.131|9340042.716|14277|0|0|0|2022-04-18 21:24:12.572335+02
1089|1650317596.980282|2022-04-18 23:33:16.980282+02|16408|test|17|313139468|0|326025973|1300493873|392882106|366199318|76685829|51683209|0|0|1|500760576|0|||0|0|118773958.977|67025378.487|9341985.125|14279|0|0|0|2022-04-18 21:24:12.572335+02
1090|1650317598.000596|2022-04-18 23:33:18.000596+02|16408|test|17|313153595|0|326040765|1300635328|392910714|366227758|76699952|51697332|0|0|1|500760576|0|||0|0|118790031.942|67037595.956|9344481.772|14281|0|0|0|2022-04-18 21:24:12.572335+02
1091|1650317599.023013|2022-04-18 23:33:19.023013+02|16408|test|17|313168003|0|326055720|1300779737|392939879|366256760|76714356|51711736|0|0|1|500760576|0|||0|0|118806069.036|67049648.723|9347094.078|14283|0|0|0|2022-04-18 21:24:12.572335+02
1092|1650317600.043133|2022-04-18 23:33:20.043133+02|16408|test|17|313179174|0|326067336|1300891710|392962529|366279288|76725523|51722903|0|0|1|500760576|0|||0|0|118822335.676|67062788.783|9349163.693|14285|0|0|0|2022-04-18 21:24:12.572335+02
1093|1650317601.064502|2022-04-18 23:33:21.064502+02|16408|test|17|313192827|0|326081503|1301028529|392990166|366306780|76739172|51736552|0|0|1|500760576|0|||0|0|118838416.669|67075006.614|9351694.03|14287|0|0|0|2022-04-18 21:24:12.572335+02
1094|1650317602.085732|2022-04-18 23:33:22.085732+02|16408|test|17|313200865|0|326089785|1301109292|393006515|366323042|76747206|51744586|0|0|1|500760576|0|||0|0|118855163.676|67089393.37|9353273.957|14289|0|0|0|2022-04-18 21:24:12.572335+02
1095|1650317603.107095|2022-04-18 23:33:23.107095+02|16408|test|17|313215433|0|326104844|1301255500|393036005|366352364|76761770|51759150|0|0|1|500760576|0|||0|0|118871197.645|67101264.425|9356042.708|14291|0|0|0|2022-04-18 21:24:12.572335+02
1096|1650317604.127502|2022-04-18 23:33:24.127502+02|16408|test|17|313229793|0|326119812|1301399426|393065057|366381270|76776126|51773506|0|0|1|500760576|0|||0|0|118887259.658|67113203.811|9358756.955|14293|0|0|0|2022-04-18 21:24:12.572335+02
1097|1650317605.148180|2022-04-18 23:33:25.14818+02|16408|test|17|313241106|0|326131607|1301512979|393087998|366404082|76787435|51784815|0|0|1|500760576|0|||0|0|118903342.517|67126043.265|9360880.422|14295|0|0|0|2022-04-18 21:24:12.572335+02
1098|1650317606.169393|2022-04-18 23:33:26.169393+02|16408|test|17|313255796|0|326146951|1301660221|393117732|366433648|76802121|51799501|0|0|1|500760576|0|||0|0|118919376.644|67137837.283|9363680.833|14297|0|0|0|2022-04-18 21:24:12.572335+02
1099|1650317607.189742|2022-04-18 23:33:27.189742+02|16408|test|17|313265887|0|326157425|1301761593|393138221|366454016|76812208|51809588|0|0|1|500760576|0|||0|0|118938561.143|67154107.107|9365615.388|14299|0|0|0|2022-04-18 21:24:12.572335+02
1100|1650317608.210299|2022-04-18 23:33:28.210299+02|16408|test|17|313281800|0|326173931|1301921124|393170400|366486028|76828117|51825497|0|0|1|500760576|0|||0|0|118956599.743|67167456.354|9368761.101|14301|0|0|0|2022-04-18 21:24:12.572335+02
1101|1650317609.230799|2022-04-18 23:33:29.230799+02|16408|test|17|313296316|0|326189045|1302066775|393199783|366515246|76842629|51840009|0|0|1|500760576|0|||0|0|118973142.796|67179896.733|9371501.343|14303|0|0|0|2022-04-18 21:24:12.572335+02
1102|1650317610.251231|2022-04-18 23:33:30.251231+02|16408|test|17|313307585|0|326200756|1302179884|393222630|366537970|76853894|51851274|0|0|1|500760576|0|||0|0|118989691.644|67193237.775|9373593.493|14305|0|0|0|2022-04-18 21:24:12.572335+02
1103|1650317611.272324|2022-04-18 23:33:31.272324+02|16408|test|17|313321783|0|326215448|1302322396|393251361|366566552|76868088|51865468|0|0|1|500760576|0|||0|0|119005723.084|67205202.919|9376290.848|14307|0|0|0|2022-04-18 21:24:12.572335+02
1104|1650317612.292340|2022-04-18 23:33:32.29234+02|16408|test|17|313329229|0|326223109|1302397325|393266520|366581630|76875530|51872910|0|0|1|500760576|0|||0|0|119022625.412|67220125.232|9377597.934|14309|0|0|0|2022-04-18 21:24:12.572335+02
1105|1650317613.312511|2022-04-18 23:33:33.312511+02|16408|test|17|313342888|0|326237274|1302534423|393294189|366609134|76889185|51886565|0|0|1|500760576|0|||0|0|119038671.976|67232198.79|9380248.369|14311|0|0|0|2022-04-18 21:24:12.572335+02
1106|1650317614.333160|2022-04-18 23:33:34.33316+02|16408|test|17|313356277|0|326251250|1302668710|393321314|366636098|76902570|51899950|0|0|1|500760576|0|||0|0|119054721.002|67244465.163|9382757.426|14313|0|0|0|2022-04-18 21:24:12.572335+02
1107|1650317615.354423|2022-04-18 23:33:35.354423+02|16408|test|17|313365622|0|326260978|1302762642|393340289|366654974|76911911|51909291|0|0|1|500760576|0|||0|0|119065254.269|67252300.406|9384547.718|14315|0|0|0|2022-04-18 21:24:12.572335+02
1108|1650317616.375301|2022-04-18 23:33:36.375301+02|16408|test|17|313381698|0|326277794|1302923699|393372806|366687312|76927983|51925363|0|0|1|500760576|0|||0|0|119087805.893|67270175.179|9387683.086|14317|0|0|0|2022-04-18 21:24:12.572335+02
1109|1650317617.396190|2022-04-18 23:33:37.39619+02|16408|test|17|313390901|0|326287413|1303015943|393391506|366705904|76937182|51934562|0|0|1|500760576|0|||0|0|119104552.942|67284343.369|9389394.963|14319|0|0|0|2022-04-18 21:24:12.572335+02
1110|1650317618.416342|2022-04-18 23:33:38.416342+02|16408|test|17|313402458|0|326299401|1303131988|393414933|366729204|76948735|51946115|0|0|1|500760576|0|||0|0|119120593.026|67296974.744|9391700.483|14321|0|0|0|2022-04-18 21:24:12.572335+02
1111|1650317619.436525|2022-04-18 23:33:39.436525+02|16408|test|17|313416308|0|326313821|1303271017|393442974|366757090|76962581|51959961|0|0|1|500760576|0|||0|0|119136635.243|67309204.822|9394230.104|14323|0|0|0|2022-04-18 21:24:12.572335+02
1112|1650317620.458079|2022-04-18 23:33:40.458079+02|16408|test|17|313425300|0|326323216|1303361302|393461245|366775248|76971570|51968950|0|0|1|500760576|0|||0|0|119147157.038|67317228.528|9395875.249|14324|0|0|0|2022-04-18 21:24:12.572335+02
1113|1650317621.467724|2022-04-18 23:33:41.467724+02|16408|test|17|313441053|0|326339664|1303519385|393494388|366806962|76987316|51984696|0|0|1|500760576|0|||0|0|119168736.124|67334336.035|9398845.038|14327|0|0|0|2022-04-18 21:24:12.572335+02
1114|1650317622.489009|2022-04-18 23:33:42.489009+02|16408|test|17|313454432|0|326353663|1303653267|393521460|366833906|77000691|51998071|0|0|1|500760576|0|||0|0|119184785.128|67346540.192|9401432.622|14329|0|0|0|2022-04-18 21:24:12.572335+02
1115|1650317623.509736|2022-04-18 23:33:43.509736+02|16408|test|17|313461766|0|326361241|1303726916|393536388|366848760|77008021|52005401|0|0|1|500760576|0|||0|0|119201497.002|67361126.592|9402841.385|14331|0|0|0|2022-04-18 21:24:12.572335+02
1116|1650317624.530574|2022-04-18 23:33:44.530574+02|16408|test|17|313475195|0|326375296|1303861566|393563586|366875804|77021446|52018826|0|0|1|500760576|0|||0|0|119217531.488|67373248.617|9405473.255|14333|0|0|0|2022-04-18 21:24:12.572335+02
1117|1650317625.550273|2022-04-18 23:33:45.550273+02|16408|test|17|313488689|0|326389382|1303996881|393590910|366902978|77034936|52032316|0|0|1|500760576|0|||0|0|119233582.39|67385481.525|9408009.94|14335|0|0|0|2022-04-18 21:24:12.572335+02
1118|1650317626.570565|2022-04-18 23:33:46.570565+02|16408|test|17|313500996|0|326402213|1304120389|393615831|366927778|77047239|52044619|0|0|1|500760576|0|||0|0|119250098.644|67398563.622|9410325.162|14337|0|0|0|2022-04-18 21:24:12.572335+02
1119|1650317627.591025|2022-04-18 23:33:47.591025+02|16408|test|17|313512588|0|326414280|1304236675|393639327|366951148|77058827|52056207|0|0|1|500760576|0|||0|0|119266166.519|67411354.613|9412515.478|14339|0|0|0|2022-04-18 21:24:12.572335+02
1120|1650317628.611760|2022-04-18 23:33:48.61176+02|16408|test|17|313522354|0|326424387|1304334746|393659132|366970866|77068589|52065969|0|0|1|500760576|0|||0|0|119282043.443|67424429.231|9414384.758|14341|0|0|0|2022-04-18 21:24:12.572335+02
1121|1650317629.632877|2022-04-18 23:33:49.632877+02|16408|test|17|313532755|0|326435220|1304439154|393680212|366991854|77078986|52076366|0|0|1|500760576|0|||0|0|119298606.321|67438037.594|9416356.183|14343|0|0|0|2022-04-18 21:24:12.572335+02
1122|1650317630.654002|2022-04-18 23:33:50.654002+02|16408|test|17|313546321|0|326449282|1304575184|393707674|367019172|77092548|52089928|0|0|1|500760576|0|||0|0|119314653.778|67450189.193|9418965.479|14345|0|0|0|2022-04-18 21:24:12.572335+02
1123|1650317631.674337|2022-04-18 23:33:51.674337+02|16408|test|17|313559783|0|326463262|1304710253|393734922|367046282|77106006|52103386|0|0|1|500760576|0|||0|0|119330695.08|67462522.861|9421428.651|14347|0|0|0|2022-04-18 21:24:12.572335+02
1124|1650317632.696143|2022-04-18 23:33:52.696143+02|16408|test|17|313569675|0|326473651|1304809681|393755002|367066252|77115894|52113274|0|0|1|500760576|0|||0|0|119346751.381|67475828.494|9423229.575|14349|0|0|0|2022-04-18 21:24:12.572335+02
1125|1650317633.717927|2022-04-18 23:33:53.717927+02|16408|test|17|313582726|0|326487190|1304940403|393781417|367092540|77128941|52126321|0|0|1|500760576|0|||0|0|119362788.686|67488109.163|9425751.081|14351|0|0|0|2022-04-18 21:24:12.572335+02
1126|1650317634.739282|2022-04-18 23:33:54.739282+02|16408|test|17|313590346|0|326495041|1305016930|393796922|367107966|77136557|52133937|0|0|1|500760576|0|||0|0|119380116.438|67503252.735|9427217.723|14353|0|0|0|2022-04-18 21:24:12.572335+02
1127|1650317635.759873|2022-04-18 23:33:55.759873+02|16408|test|17|313603085|0|326508380|1305144707|393822736|367133630|77149292|52146672|0|0|1|500760576|0|||0|0|119396243.445|67515795.612|9429621.385|14355|0|0|0|2022-04-18 21:24:12.572335+02
1128|1650317636.780091|2022-04-18 23:33:56.780091+02|16408|test|17|313616674|0|326522566|1305280718|393850243|367160994|77162877|52160257|0|0|1|500760576|0|||0|0|119412275.206|67528143.054|9432076.9|14357|0|0|0|2022-04-18 21:24:12.572335+02
1129|1650317637.800654|2022-04-18 23:33:57.800654+02|16408|test|17|313630267|0|326536752|1305417074|393877747|367188366|77176466|52173846|0|0|1|500760576|0|||0|0|119428322.965|67540427.765|9434563.094|14359|0|0|0|2022-04-18 21:24:12.572335+02
1130|1650317638.821278|2022-04-18 23:33:58.821278+02|16408|test|17|313640825|0|326547659|1305523094|393899151|367209668|77187020|52184400|0|0|1|500760576|0|||0|0|119444854.052|67554019.716|9436523.001|14361|0|0|0|2022-04-18 21:24:12.572335+02
1131|1650317639.842495|2022-04-18 23:33:59.842495+02|16408|test|17|313653543|0|326561021|1305650756|393924924|367235290|77199734|52197114|0|0|1|500760576|0|||0|0|119460933.148|67566452.803|9438977.064|14363|0|0|0|2022-04-18 21:24:12.572335+02
1132|1650317640.863236|2022-04-18 23:34:00.863236+02|16408|test|17|313661791|0|326569521|1305733574|393941700|367251972|77207978|52205358|0|0|1|500760576|0|||0|0|119477190.989|67580427.277|9440487.683|14365|0|0|0|2022-04-18 21:24:12.572335+02
1133|1650317641.883049|2022-04-18 23:34:01.883049+02|16408|test|17|313674623|0|326582933|1305862242|393967682|367277822|77220806|52218186|0|0|1|500760576|0|||0|0|119493232.199|67592819.81|9442950.123|14367|0|0|0|2022-04-18 21:24:12.572335+02
1134|1650317642.903395|2022-04-18 23:34:02.903395+02|16408|test|17|313687330|0|326596092|1305989675|393993450|367303422|77233509|52230889|0|0|1|500760576|0|||0|0|119509274.415|67605265.707|9445370.121|14369|0|0|0|2022-04-18 21:24:12.572335+02
1135|1650317643.923408|2022-04-18 23:34:03.923408+02|16408|test|17|313698925|0|326608278|1306105873|394016948|367326798|77245100|52242480|0|0|1|500760576|0|||0|0|119525355.351|67618012.618|9447600.378|14371|0|0|0|2022-04-18 21:24:12.572335+02
1136|1650317644.944010|2022-04-18 23:34:04.94401+02|16408|test|17|313709899|0|326619594|1306216061|394039192|367348932|77256070|52253450|0|0|1|500760576|0|||0|0|119541392.822|67631094.617|9449538.144|14373|0|0|0|2022-04-18 21:24:12.572335+02
1137|1650317645.964113|2022-04-18 23:34:05.964113+02|16408|test|17|313720016|0|326630173|1306317590|394059731|367369352|77266183|52263563|0|0|1|500760576|0|||0|0|119557487.192|67644336.051|9451413.892|14375|0|0|0|2022-04-18 21:24:12.572335+02
1138|1650317646.984692|2022-04-18 23:34:06.984692+02|16408|test|17|313729022|0|326639534|1306408053|394078023|367387550|77275185|52272565|0|0|1|500760576|0|||0|0|119573525.3|67657948.581|9453013.254|14377|0|0|0|2022-04-18 21:24:12.572335+02
1139|1650317648.005641|2022-04-18 23:34:08.005641+02|16408|test|17|313741505|0|326652527|1306533359|394103297|367412702|77287664|52285044|0|0|1|500760576|0|||0|0|119589568.82|67670537.146|9455310.322|14379|0|0|0|2022-04-18 21:24:12.572335+02
1140|1650317649.026585|2022-04-18 23:34:09.026585+02|16408|test|17|313755009|0|326666586|1306668724|394130624|367439896|77301164|52298544|0|0|1|500760576|0|||0|0|119607114.781|67684292.664|9457864.116|14381|0|0|0|2022-04-18 21:24:12.572335+02
1141|1650317650.047850|2022-04-18 23:34:10.04785+02|16408|test|17|313766089|0|326678243|1306779822|394153078|367462242|77312240|52309620|0|0|1|500760576|0|||0|0|119623718.939|67697796.333|9459911.519|14383|0|0|0|2022-04-18 21:24:12.572335+02
1142|1650317651.067615|2022-04-18 23:34:11.067615+02|16408|test|17|313776362|0|326688859|1306882832|394173913|367482974|77322509|52319889|0|0|1|500760576|0|||0|0|119639760.051|67711185.899|9461594.056|14385|0|0|0|2022-04-18 21:24:12.572335+02
1143|1650317652.087708|2022-04-18 23:34:12.087708+02|16408|test|17|313786432|0|326699283|1306983919|394194334|367503300|77332575|52329955|0|0|1|500760576|0|||0|0|119655905.007|67724736.521|9463275.128|14387|0|0|0|2022-04-18 21:24:12.572335+02
1144|1650317653.107237|2022-04-18 23:34:13.107237+02|16408|test|17|313793103|0|326706229|1307051068|394207930|367516828|77339242|52336622|0|0|1|500760576|0|||0|0|119672171.643|67739203.585|9464454.343|14389|0|0|0|2022-04-18 21:24:12.572335+02
1145|1650317654.127553|2022-04-18 23:34:14.127553+02|16408|test|17|313804567|0|326718273|1307166135|394231177|367539942|77350702|52348082|0|0|1|500760576|0|||0|0|119688709.289|67752725.767|9466442.019|14391|0|0|0|2022-04-18 21:24:12.572335+02
1146|1650317655.149017|2022-04-18 23:34:15.149017+02|16408|test|17|313816659|0|326730894|1307287329|394255684|367564312|77362790|52360170|0|0|1|500760576|0|||0|0|119704745.551|67765424.79|9468671.624|14393|0|0|0|2022-04-18 21:24:12.572335+02
1147|1650317656.169707|2022-04-18 23:34:16.169707+02|16408|test|17|313828253|0|326743111|1307403338|394279193|367587686|77374380|52371760|0|0|1|500760576|0|||0|0|119720816.763|67778373.063|9470746.906|14395|0|0|0|2022-04-18 21:24:12.572335+02
1148|1650317657.190880|2022-04-18 23:34:17.19088+02|16408|test|17|313840930|0|326756118|1307530515|394304873|367613226|77387053|52384433|0|0|1|500760576|0|||0|0|119741910.91|67795942.833|9473091.707|14397|0|0|0|2022-04-18 21:24:12.572335+02
1149|1650317658.212483|2022-04-18 23:34:18.212483+02|16408|test|17|313852749|0|326768504|1307649008|394328819|367637050|77398868|52396248|0|0|1|500760576|0|||0|0|119758514.298|67809284.551|9475250.011|14399|0|0|0|2022-04-18 21:24:12.572335+02
1150|1650317659.233134|2022-04-18 23:34:19.233134+02|16408|test|17|313859459|0|326775506|1307716440|394342492|367650656|77405574|52402954|0|0|1|500760576|0|||0|0|119774573.037|67823476.248|9476476.906|14401|0|0|0|2022-04-18 21:24:12.572335+02
1151|1650317660.253735|2022-04-18 23:34:20.253735+02|16408|test|17|313872001|0|326788534|1307842349|394367887|367675926|77418112|52415492|0|0|1|500760576|0|||0|0|119790640.585|67836085.997|9478788.879|14403|0|0|0|2022-04-18 21:24:12.572335+02
1152|1650317661.273876|2022-04-18 23:34:21.273876+02|16408|test|17|313883722|0|326800678|1307959993|394391644|367699554|77429829|52427209|0|0|1|500760576|0|||0|0|119806691.947|67848932.669|9480921.424|14405|0|0|0|2022-04-18 21:24:12.572335+02
1153|1650317662.294220|2022-04-18 23:34:22.29422+02|16408|test|17|313895043|0|326812507|1308073604|394414592|367722382|77441146|52438526|0|0|1|500760576|0|||0|0|119822729.762|67861961.864|9482886.097|14407|0|0|0|2022-04-18 21:24:12.572335+02
1154|1650317663.314604|2022-04-18 23:34:23.314604+02|16408|test|17|313903159|0|326821081|1308155324|394431095|367738800|77449258|52446638|0|0|1|500760576|0|||0|0|119838842.233|67876081.689|9484152.013|14409|0|0|0|2022-04-18 21:24:12.572335+02
1155|1650317664.334329|2022-04-18 23:34:24.334329+02|16408|test|17|313913790|0|326832026|1308261986|394452656|367760248|77459885|52457265|0|0|1|500760576|0|||0|0|119854893.43|67889301.686|9486000.136|14411|0|0|0|2022-04-18 21:24:12.572335+02
1156|1650317665.354463|2022-04-18 23:34:25.354463+02|16408|test|17|313919750|0|326838158|1308321929|394464828|367772354|77465841|52463221|0|0|1|500760576|0|||0|0|119871532.669|67904358.432|9487012.572|14413|0|0|0|2022-04-18 21:24:12.572335+02
1157|1650317666.374891|2022-04-18 23:34:26.374891+02|16408|test|17|313930892|0|326849677|1308433611|394487404|367794824|77476979|52474359|0|0|1|500760576|0|||0|0|119887572.416|67917471.461|9488908.654|14415|0|0|0|2022-04-18 21:24:12.572335+02
1158|1650317667.395827|2022-04-18 23:34:27.395827+02|16408|test|17|313942365|0|326861608|1308548598|394510667|367817956|77488448|52485828|0|0|1|500760576|0|||0|0|119903632.705|67930325.242|9491048.624|14417|0|0|0|2022-04-18 21:24:12.572335+02
1159|1650317668.417837|2022-04-18 23:34:28.417837+02|16408|test|17|313954817|0|326874736|1308673274|394535886|367843046|77500896|52498276|0|0|1|500760576|0|||0|0|119919680.032|67942856.406|9493410.557|14419|0|0|0|2022-04-18 21:24:12.572335+02
1160|1650317669.439338|2022-04-18 23:34:29.439338+02|16408|test|17|313964650|0|326884959|1308772076|394555854|367862898|77510725|52508105|0|0|1|500760576|0|||0|0|119936048.182|67956483.382|9495225.501|14421|0|0|0|2022-04-18 21:24:12.572335+02
1161|1650317670.460210|2022-04-18 23:34:30.46021+02|16408|test|17|313977265|0|326898208|1308898472|394581402|367888314|77523336|52520716|0|0|1|500760576|0|||0|0|119952103.731|67969111.72|9497470.768|14423|0|0|0|2022-04-18 21:24:12.572335+02
1162|1650317671.480547|2022-04-18 23:34:31.480547+02|16408|test|17|313985651|0|326906902|1308982913|394598442|367905272|77531718|52529098|0|0|1|500760576|0|||0|0|119968345.49|67983006.751|9499008.001|14425|0|0|0|2022-04-18 21:24:12.572335+02
1163|1650317672.500887|2022-04-18 23:34:32.500887+02|16408|test|17|313996663|0|326918281|1309093326|394620766|367927482|77542726|52540106|0|0|1|500760576|0|||0|0|119984408.554|67996115.87|9500920.041|14427|0|0|0|2022-04-18 21:24:12.572335+02
1164|1650317673.521923|2022-04-18 23:34:33.521923+02|16408|test|17|314009703|0|326931870|1309224075|394647172|367953748|77555762|52553142|0|0|1|500760576|0|||0|0|120000445.129|68008522.327|9503369.073|14429|0|0|0|2022-04-18 21:24:12.572335+02
1165|1650317674.542544|2022-04-18 23:34:34.542544+02|16408|test|17|314022610|0|326945363|1309353623|394673334|367979748|77568665|52566045|0|0|1|500760576|0|||0|0|120016488.216|68020890.311|9505825.811|14431|0|0|0|2022-04-18 21:24:12.572335+02
1166|1650317675.563353|2022-04-18 23:34:35.563353+02|16408|test|17|314032722|0|326955797|1309455184|394693837|368000158|77578773|52576153|0|0|1|500760576|0|||0|0|120032535.982|68034210.792|9507626.316|14433|0|0|0|2022-04-18 21:24:12.572335+02
1167|1650317676.583409|2022-04-18 23:34:36.583409+02|16408|test|17|314045472|0|326969245|1309583032|394719642|368025844|77591519|52588899|0|0|1|500760576|0|||0|0|120048572.099|68046755.04|9509955.953|14435|0|0|0|2022-04-18 21:24:12.572335+02
1168|1650317677.603519|2022-04-18 23:34:37.603519+02|16408|test|17|314052381|0|326976511|1309652316|394733722|368039848|77598424|52595804|0|0|1|500760576|0|||0|0|120064692.855|68060989.552|9511201.236|14437|0|0|0|2022-04-18 21:24:12.572335+02
1169|1650317678.624313|2022-04-18 23:34:38.624313+02|16408|test|17|314065179|0|326989747|1309780718|394759633|368065630|77611218|52608598|0|0|1|500760576|0|||0|0|120080731.389|68073500.657|9513548.205|14439|0|0|0|2022-04-18 21:24:12.572335+02
1170|1650317679.644923|2022-04-18 23:34:39.644923+02|16408|test|17|314078463|0|327003645|1309913919|394786527|368092384|77624498|52621878|0|0|1|500760576|0|||0|0|120096776.558|68085901.131|9515978.032|14441|0|0|0|2022-04-18 21:24:12.572335+02
1171|1650317680.665072|2022-04-18 23:34:40.665072+02|16408|test|18|314090871|0|327016595|1310038335|394811651|368117374|77636903|52634283|0|0|1|500760576|0|||0|0|120112812.029|68098446.326|9518302.513|14442|0|0|0|2022-04-18 21:24:12.572335+02
1172|1650317681.673939|2022-04-18 23:34:41.673939+02|16408|test|18|314096538|0|327022469|1310095757|394823289|368128906|77642565|52639945|0|0|1|500760576|0|||0|0|120129733.374|68113696.783|9519375.573|14445|0|0|0|2022-04-18 21:24:12.572335+02
1173|1650317682.693473|2022-04-18 23:34:42.693473+02|16408|test|18|314101912|0|327028073|1310150898|394834465|368139840|77647935|52645315|0|0|1|500760576|0|||0|0|120145913.673|68128469.956|9520254.16|14447|0|0|0|2022-04-18 21:24:12.572335+02
1174|1650317683.713235|2022-04-18 23:34:43.713235+02|16408|test|18|314107349|0|327033727|1310207548|394845886|368150900|77653368|52650748|0|0|1|500760576|0|||0|0|120162015.557|68142934.139|9521270.519|14449|0|0|0|2022-04-18 21:24:12.572335+02
1175|1650317684.734018|2022-04-18 23:34:44.734018+02|16408|test|17|314116421|0|327073151|1310301240|394866296|368169579|77662432|52659818|0|0|1|500760576|0|||0|0|120178195.695|68156427.725|9523054.87|14451|0|0|0|2022-04-18 21:24:12.572335+02
1176|1650317685.754990|2022-04-18 23:34:45.75499+02|16408|test|17|314124520|0|327081625|1310382720|394882753|368185963|77670527|52667913|0|0|1|500760576|0|||0|0|120194230.071|68170244.956|9524505.048|14453|0|0|0|2022-04-18 21:24:12.572335+02
1177|1650317686.775050|2022-04-18 23:34:46.77505+02|16408|test|17|314137717|0|327095242|1310515143|394909471|368212543|77683720|52681106|0|0|1|500760576|0|||0|0|120210267.63|68182694.525|9526906.208|14455|0|0|0|2022-04-18 21:24:12.572335+02
1178|1650317687.795784|2022-04-18 23:34:47.795784+02|16408|test|17|314150906|0|327109038|1310647299|394936179|368239107|77696905|52694291|0|0|1|500760576|0|||0|0|120226312.95|68195004.653|9529407.834|14457|0|0|0|2022-04-18 21:24:12.572335+02
1179|1650317688.815996|2022-04-18 23:34:48.815996+02|16408|test|17|314161018|0|327119515|1310748972|394956688|368259517|77707013|52704399|0|0|1|500760576|0|||0|0|120242345.662|68208230.391|9531256.982|14459|0|0|0|2022-04-18 21:24:12.572335+02
1180|1650317689.836878|2022-04-18 23:34:49.836878+02|16408|test|17|314173679|0|327132567|1310876061|394982339|368285025|77719670|52717056|0|0|1|500760576|0|||0|0|120258384.717|68220820.498|9533548.232|14461|0|0|0|2022-04-18 21:24:12.572335+02
1181|1650317690.857517|2022-04-18 23:34:50.857517+02|16408|test|17|314182751|0|327141944|1310967286|395000777|368303355|77728738|52726124|0|0|1|500760576|0|||0|0|120274484.75|68234406.614|9535208.722|14463|0|0|0|2022-04-18 21:24:12.572335+02
1182|1650317691.877683|2022-04-18 23:34:51.877683+02|16408|test|17|314199908|0|327159906|1311139170|395035444|368337855|77745891|52743277|0|0|1|500760576|0|||0|0|120298031.335|68253338.25|9538259.016|14465|0|0|0|2022-04-18 21:24:12.572335+02
1183|1650317692.897971|2022-04-18 23:34:52.897971+02|16408|test|17|314212976|0|327173555|1311270297|395061906|368364177|77758955|52756341|0|0|1|500760576|0|||0|0|120314567.094|68266279.258|9540684.012|14467|0|0|0|2022-04-18 21:24:12.572335+02
1184|1650317693.919303|2022-04-18 23:34:53.919303+02|16408|test|17|314225980|0|327187156|1311400739|395088243|368390371|77771955|52769341|0|0|1|500760576|0|||0|0|120330694.15|68278720.972|9543149.351|14469|0|0|0|2022-04-18 21:24:12.572335+02
1185|1650317694.942588|2022-04-18 23:34:54.942588+02|16408|test|17|314236521|0|327198052|1311506592|395109624|368411639|77782492|52779878|0|0|1|500760576|0|||0|0|120346744.732|68291856.413|9545105.225|14471|0|0|0|2022-04-18 21:24:12.572335+02
1186|1650317695.962688|2022-04-18 23:34:55.962688+02|16408|test|17|314247412|0|327209389|1311615816|395131680|368433607|77793379|52790765|0|0|1|500760576|0|||0|0|120362839.104|68304849.953|9547166.384|14473|0|0|0|2022-04-18 21:24:12.572335+02
1187|1650317696.983872|2022-04-18 23:34:56.983872+02|16408|test|17|314256293|0|327218589|1311705115|395149713|368451555|77802256|52799642|0|0|1|500760576|0|||0|0|120378883.741|68318443.732|9548797.44|14475|0|0|0|2022-04-18 21:24:12.572335+02
1188|1650317698.004123|2022-04-18 23:34:58.004123+02|16408|test|17|314269384|0|327232089|1311836351|395176217|368477923|77815343|52812729|0|0|1|500760576|0|||0|0|120394930.163|68330801.163|9551271.155|14477|0|0|0|2022-04-18 21:24:12.572335+02
1189|1650317699.024959|2022-04-18 23:34:59.024959+02|16408|test|17|314282552|0|327245653|1311968535|395202882|368504445|77828507|52825893|0|0|1|500760576|0|||0|0|120410967.326|68343112.306|9553764.207|14479|0|0|0|2022-04-18 21:24:12.572335+02
1190|1650317700.045854|2022-04-18 23:35:00.045854+02|16408|test|17|314292505|0|327256035|1312068447|395223076|368524537|77838456|52835842|0|0|1|500760576|0|||0|0|120427058.505|68356460.476|9555573.089|14481|0|0|0|2022-04-18 21:24:12.572335+02
1191|1650317701.065812|2022-04-18 23:35:01.065812+02|16408|test|17|314305248|0|327269425|1312196118|395248887|368550209|77851195|52848581|0|0|1|500760576|0|||0|0|120443089.2|68368985.564|9557923.935|14483|0|0|0|2022-04-18 21:24:12.572335+02
1192|1650317702.086870|2022-04-18 23:35:02.08687+02|16408|test|17|314312976|0|327277726|1312273840|395264614|368565851|77858919|52856305|0|0|1|500760576|0|||0|0|120460617.851|68384465.554|9559271.999|14485|0|0|0|2022-04-18 21:24:12.572335+02
1193|1650317703.108557|2022-04-18 23:35:03.108557+02|16408|test|17|314325771|0|327290879|1312402131|395290520|368591627|77871710|52869096|0|0|1|500760576|0|||0|0|120476655.085|68396971.501|9561626.935|14487|0|0|0|2022-04-18 21:24:12.572335+02
1194|1650317704.129276|2022-04-18 23:35:04.129276+02|16408|test|17|314338715|0|327304352|1312531794|395316751|368617701|77884650|52882036|0|0|1|500760576|0|||0|0|120492685.528|68409327.708|9564067.952|14489|0|0|0|2022-04-18 21:24:12.572335+02
1195|1650317705.149956|2022-04-18 23:35:05.149956+02|16408|test|17|314351667|0|327317966|1312661420|395342998|368643791|77897598|52894984|0|0|1|500760576|0|||0|0|120508742.255|68421753.069|9566493.541|14491|0|0|0|2022-04-18 21:24:12.572335+02
1196|1650317706.169844|2022-04-18 23:35:06.169844+02|16408|test|17|314361712|0|327328452|1312762330|395363369|368664067|77907639|52905025|0|0|1|500760576|0|||0|0|120525309.891|68435552.444|9568277.96|14493|0|0|0|2022-04-18 21:24:12.572335+02
1197|1650317707.191325|2022-04-18 23:35:07.191325+02|16408|test|17|314374731|0|327341975|1312892736|395389727|368690291|77920654|52918040|0|0|1|500760576|0|||0|0|120541357.454|68448049.18|9570625.439|14495|0|0|0|2022-04-18 21:24:12.572335+02
1198|1650317708.211842|2022-04-18 23:35:08.211842+02|16408|test|17|314381616|0|327349216|1312961772|395403755|368704247|77927535|52924921|0|0|1|500760576|0|||0|0|120557630.29|68462471.735|9571835.013|14497|0|0|0|2022-04-18 21:24:12.572335+02
1199|1650317709.232898|2022-04-18 23:35:09.232898+02|16408|test|17|314394365|0|327362540|1313089616|395429578|368729931|77940280|52937666|0|0|1|500760576|0|||0|0|120573672.78|68475031.254|9574147.147|14499|0|0|0|2022-04-18 21:24:12.572335+02
1200|1650317710.253101|2022-04-18 23:35:10.253101+02|16408|test|17|314407164|0|327375887|1313217921|395455501|368755715|77953075|52950461|0|0|1|500760576|0|||0|0|120589706.597|68487552.792|9576474.829|14501|0|0|0|2022-04-18 21:24:12.572335+02
1201|1650317711.275021|2022-04-18 23:35:11.275021+02|16408|test|17|314420124|0|327389503|1313347844|395481730|368781821|77966031|52963417|0|0|1|500760576|0|||0|0|120605798.998|68500087.623|9578843.821|14503|0|0|0|2022-04-18 21:24:12.572335+02
1202|1650317712.298510|2022-04-18 23:35:12.29851+02|16408|test|17|314430304|0|327400111|1313449843|395502378|368802367|77976207|52973593|0|0|1|500760576|0|||0|0|120621831.373|68513360.31|9580681.809|14505|0|0|0|2022-04-18 21:24:12.572335+02
1203|1650317713.319888|2022-04-18 23:35:13.319888+02|16408|test|17|314443063|0|327413338|1313577799|395528197|368828071|77988962|52986348|0|0|1|500760576|0|||0|0|120637864.233|68525835.087|9583051.49|14507|0|0|0|2022-04-18 21:24:12.572335+02
1204|1650317714.342347|2022-04-18 23:35:14.342347+02|16408|test|17|314449812|0|327420453|1313645591|395541968|368841755|77995707|52993093|0|0|1|500760576|0|||0|0|120654148.763|68540241.374|9584308.182|14509|0|0|0|2022-04-18 21:24:12.572335+02
1205|1650317715.362671|2022-04-18 23:35:15.362671+02|16408|test|17|314462593|0|327433786|1313773826|395567870|368867503|78008484|53005870|0|0|1|500760576|0|||0|0|120670180.441|68552734.984|9586677.777|14511|0|0|0|2022-04-18 21:24:12.572335+02
1206|1650317716.383463|2022-04-18 23:35:16.383463+02|16408|test|17|314475592|0|327447382|1313904088|395594194|368893687|78021479|53018865|0|0|1|500760576|0|||0|0|120686215.096|68565145.661|9589094.156|14513|0|0|0|2022-04-18 21:24:12.572335+02
1207|1650317717.403459|2022-04-18 23:35:17.403459+02|16408|test|17|314488308|0|327460538|1314031734|395619935|368919305|78034191|53031577|0|0|1|500760576|0|||0|0|120702252.915|68577647.563|9591453.02|14515|0|0|0|2022-04-18 21:24:12.572335+02
1208|1650317718.422754|2022-04-18 23:35:18.422754+02|16408|test|17|314498555|0|327471170|1314134479|395640720|368939985|78044434|53041820|0|0|1|500760576|0|||0|0|120718290.667|68591056.424|9593169.041|14517|0|0|0|2022-04-18 21:24:12.572335+02
1209|1650317719.443062|2022-04-18 23:35:19.443062+02|16408|test|17|314510142|0|327483239|1314250808|395664170|368963345|78056017|53053403|0|0|1|500760576|0|||0|0|120734439.719|68603926.481|9595360.15|14519|0|0|0|2022-04-18 21:24:12.572335+02
1210|1650317720.463331|2022-04-18 23:35:20.463331+02|16408|test|17|314518099|0|327491484|1314330656|395680356|368979445|78063970|53061356|0|0|1|500760576|0|||0|0|120750470.291|68617724.51|9596849.034|14521|0|0|0|2022-04-18 21:24:12.572335+02
1211|1650317721.484159|2022-04-18 23:35:21.484159+02|16408|test|17|314530635|0|327504526|1314456470|395705754|369004703|78076502|53073888|0|0|1|500760576|0|||0|0|120766508.414|68630331.674|9599142.379|14523|0|0|0|2022-04-18 21:24:12.572335+02
1212|1650317722.503666|2022-04-18 23:35:22.503666+02|16408|test|17|314542734|0|327517179|1314577724|395730250|369029087|78088597|53085983|0|0|1|500760576|0|||0|0|120782549.639|68643129.603|9601295.92|14525|0|0|0|2022-04-18 21:24:12.572335+02
1213|1650317723.523196|2022-04-18 23:35:23.523196+02|16408|test|17|314554680|0|327529547|1314697675|395754449|369053165|78100539|53097925|0|0|1|500760576|0|||0|0|120798648.95|68655907.177|9603511.684|14527|0|0|0|2022-04-18 21:24:12.572335+02
1214|1650317724.543943|2022-04-18 23:35:24.543943+02|16408|test|17|314564055|0|327539349|1314791607|395773478|369072101|78109910|53107296|0|0|1|500760576|0|||0|0|120814726.909|68669389.466|9605221.957|14529|0|0|0|2022-04-18 21:24:12.572335+02
1215|1650317725.564461|2022-04-18 23:35:25.564461+02|16408|test|17|314576194|0|327551911|1314913550|395798064|369096565|78122045|53119431|0|0|1|500760576|0|||0|0|120831604.292|68682791.508|9607529.054|14531|0|0|0|2022-04-18 21:24:12.572335+02
1216|1650317726.585811|2022-04-18 23:35:26.585811+02|16408|test|17|314583593|0|327559591|1314987939|395813132|369111549|78129440|53126826|0|0|1|500760576|0|||0|0|120849156.307|68698313.714|9608879.158|14533|0|0|0|2022-04-18 21:24:12.572335+02
1217|1650317727.607894|2022-04-18 23:35:27.607894+02|16408|test|17|314597435|0|327573984|1315126715|395841125|369139419|78143278|53140664|0|0|1|500760576|0|||0|0|120867728.246|68713097.198|9611402.16|14535|0|0|0|2022-04-18 21:24:12.572335+02
1218|1650317728.629018|2022-04-18 23:35:28.629018+02|16408|test|17|314609366|0|327586427|1315246406|395865301|369163467|78155205|53152591|0|0|1|500760576|0|||0|0|120883767.787|68725787.275|9613628.299|14537|0|0|0|2022-04-18 21:24:12.572335+02
1219|1650317729.651341|2022-04-18 23:35:29.651341+02|16408|test|17|314620440|0|327597967|1315357538|395887757|369185801|78166275|53163661|0|0|1|500760576|0|||0|0|120899840.762|68738752.757|9615692.991|14539|0|0|0|2022-04-18 21:24:12.572335+02
1220|1650317730.672184|2022-04-18 23:35:30.672184+02|16408|test|17|314631205|0|327609178|1315465517|395909591|369207517|78177036|53174422|0|0|1|500760576|0|||0|0|120915883.747|68751852.292|9617660.779|14541|0|0|0|2022-04-18 21:24:12.572335+02
1221|1650317731.692797|2022-04-18 23:35:31.692797+02|16408|test|17|314640362|0|327618713|1315557487|395928189|369226017|78186189|53183575|0|0|1|500760576|0|||0|0|120927916.952|68761319.214|9619367.516|14543|0|0|0|2022-04-18 21:24:12.572335+02
1222|1650317732.712814|2022-04-18 23:35:32.712814+02|16408|test|17|314646434|0|327625004|1315618496|395940579|369238347|78192257|53189643|0|0|1|500760576|0|||0|0|120945509.872|68777255.313|9620462.879|14545|0|0|0|2022-04-18 21:24:12.572335+02
1223|1650317733.734393|2022-04-18 23:35:33.734393+02|16408|test|17|314658312|0|327637477|1315737582|395964638|369262289|78204131|53201517|0|0|1|500760576|0|||0|0|120961582.06|68790039.351|9622636.043|14547|0|0|0|2022-04-18 21:24:12.572335+02
1224|1650317734.754796|2022-04-18 23:35:34.754796+02|16408|test|17|314670138|0|327649709|1315856456|395988594|369286127|78215953|53213339|0|0|1|500760576|0|||0|0|120977618.638|68802763.286|9624847.451|14549|0|0|0|2022-04-18 21:24:12.572335+02
1225|1650317735.774881|2022-04-18 23:35:35.774881+02|16408|test|17|314682298|0|327662482|1315978126|396013226|369310633|78228109|53225495|0|0|1|500760576|0|||0|0|120993670.639|68815425.067|9627104.511|14551|0|0|0|2022-04-18 21:24:12.572335+02
1226|1650317736.794462|2022-04-18 23:35:36.794462+02|16408|test|17|314696316|0|327677180|1316118520|396041591|369338855|78242123|53239509|0|0|1|500760576|0|||0|0|121015770.798|68833565.057|9629699.354|14553|0|0|0|2022-04-18 21:24:12.572335+02
1227|1650317737.813905|2022-04-18 23:35:37.813905+02|16408|test|17|314707310|0|327688689|1316228838|396063875|369361029|78253113|53250499|0|0|1|500760576|0|||0|0|121031852.147|68846546.559|9631758.123|14555|0|0|0|2022-04-18 21:24:12.572335+02
1228|1650317738.833408|2022-04-18 23:35:38.833408+02|16408|test|17|314715237|0|327696889|1316308551|396079990|369377069|78261036|53258422|0|0|1|500760576|0|||0|0|121049938.342|68862369.365|9633250.308|14557|0|0|0|2022-04-18 21:24:12.572335+02
1229|1650317739.852846|2022-04-18 23:35:39.852846+02|16408|test|17|314726937|0|327709052|1316425892|396103697|369400655|78272732|53270118|0|0|1|500760576|0|||0|0|121065989.049|68875206.539|9635374.854|14559|0|0|0|2022-04-18 21:24:12.572335+02
1230|1650317740.872822|2022-04-18 23:35:40.872822+02|16408|test|17|314738741|0|327721275|1316544453|396128872|369424459|78284530|53281916|0|0|1|500760576|0|||0|0|121082052.723|68887981.315|9637567.136|14561|0|0|0|2022-04-18 21:24:12.572335+02
1231|1650317741.892970|2022-04-18 23:35:41.89297+02|16408|test|17|314750711|0|327733663|1316664552|396153097|369448585|78296496|53293882|0|0|1|500760576|0|||0|0|121098096.672|68900649.471|9639824.073|14563|0|0|0|2022-04-18 21:24:12.572335+02
1232|1650317742.914731|2022-04-18 23:35:42.914731+02|16408|test|17|314759983|0|327743527|1316757498|396171936|369467315|78305764|53303150|0|0|1|500760576|0|||0|0|121114174.411|68914183.128|9641475.674|14565|0|0|0|2022-04-18 21:24:12.572335+02
1233|1650317743.934699|2022-04-18 23:35:43.934699+02|16408|test|17|314771551|0|327755534|1316873454|396195391|369490637|78317328|53314714|0|0|1|500760576|0|||0|0|121130219.213|68927027.242|9643620.705|14567|0|0|0|2022-04-18 21:24:12.572335+02
1234|1650317744.955169|2022-04-18 23:35:44.955169+02|16408|test|17|314778042|0|327762314|1316938746|396208630|369503805|78323815|53321201|0|0|1|500760576|0|||0|0|121146315.212|68941311.042|9644799.541|14569|0|0|0|2022-04-18 21:24:12.572335+02
1235|1650317745.976431|2022-04-18 23:35:45.976431+02|16408|test|17|314790182|0|327775080|1317060363|396233225|369528271|78335951|53333337|0|0|1|500760576|0|||0|0|121162351.456|68954018.924|9647012.373|14571|0|0|0|2022-04-18 21:24:12.572335+02
1236|1650317746.995918|2022-04-18 23:35:46.995918+02|16408|test|17|314802353|0|327787836|1317182399|396257891|369552799|78348118|53345504|0|0|1|500760576|0|||0|0|121178428.683|68966632.629|9649321.843|14573|0|0|0|2022-04-18 21:24:12.572335+02
1237|1650317748.017600|2022-04-18 23:35:48.0176+02|16408|test|17|314815103|0|327801052|1317310340|396283714|369578485|78360864|53358250|0|0|1|500760576|0|||0|0|121194495.055|68979154.437|9651675.993|14575|0|0|0|2022-04-18 21:24:12.572335+02
1238|1650317749.038432|2022-04-18 23:35:49.038432+02|16408|test|17|314825403|0|327811748|1317413710|396304594|369599271|78371160|53368546|0|0|1|500760576|0|||0|0|121211037.966|68992918.928|9653499.93|14577|0|0|0|2022-04-18 21:24:12.572335+02
1239|1650317750.058554|2022-04-18 23:35:50.058554+02|16408|test|17|314838090|0|327825014|1317540878|396330268|369624831|78383843|53381229|0|0|1|500760576|0|||0|0|121227097.541|69005431.204|9655868.994|14579|0|0|0|2022-04-18 21:24:12.572335+02
1240|1650317751.077970|2022-04-18 23:35:51.07797+02|16408|test|17|314844565|0|327831797|1317605873|396343481|369637967|78390314|53387700|0|0|1|500760576|0|||0|0|121243193.777|69019702.262|9657080.661|14581|0|0|0|2022-04-18 21:24:12.572335+02
1241|1650317752.099705|2022-04-18 23:35:52.099705+02|16408|test|17|314857288|0|327844933|1317733574|396369248|369663599|78403033|53400419|0|0|1|500760576|0|||0|0|121259240.698|69032239.044|9659406.604|14583|0|0|0|2022-04-18 21:24:12.572335+02
1242|1650317753.119765|2022-04-18 23:35:53.119765+02|16408|test|17|314869762|0|327857871|1317858817|396394510|369688733|78415503|53412889|0|0|1|500760576|0|||0|0|121275275.496|69044825.488|9661727.918|14585|0|0|0|2022-04-18 21:24:12.572335+02
1243|1650317754.141618|2022-04-18 23:35:54.141618+02|16408|test|17|314882678|0|327871291|1317988452|396420661|369714751|78428415|53425801|0|0|1|500760576|0|||0|0|121291321.247|69057300.534|9664117.895|14587|0|0|0|2022-04-18 21:24:12.572335+02
1244|1650317755.162446|2022-04-18 23:35:55.162446+02|16408|test|17|314892825|0|327881818|1318090152|396441227|369735231|78438558|53435944|0|0|1|500760576|0|||0|0|121307608.864|69070842.228|9665938.091|14589|0|0|0|2022-04-18 21:24:12.572335+02
1245|1650317756.183640|2022-04-18 23:35:56.18364+02|16408|test|17|314905612|0|327895073|1318218439|396467127|369760991|78451341|53448727|0|0|1|500760576|0|||0|0|121323647.481|69083308.379|9668335.667|14591|0|0|0|2022-04-18 21:24:12.572335+02
1246|1650317757.206241|2022-04-18 23:35:57.206241+02|16408|test|17|314912937|0|327902614|1318292193|396482018|369775827|78458662|53456048|0|0|1|500760576|0|||0|0|121340209.924|69097802.136|9669716.126|14593|0|0|0|2022-04-18 21:24:12.572335+02
1247|1650317758.227319|2022-04-18 23:35:58.227319+02|16408|test|17|314925614|0|327915782|1318419132|396507669|369801367|78471335|53468721|0|0|1|500760576|0|||0|0|121356275.898|69110325.691|9672080.701|14595|0|0|0|2022-04-18 21:24:12.572335+02
1248|1650317759.247616|2022-04-18 23:35:59.247616+02|16408|test|17|314938616|0|327929318|1318549553|396534001|369827557|78484333|53481719|0|0|1|500760576|0|||0|0|121372307.419|69122571.054|9674613.658|14597|0|0|0|2022-04-18 21:24:12.572335+02
1249|1650317760.267881|2022-04-18 23:36:00.267881+02|16408|test|17|314951408|0|327942771|1318677796|396559903|369853327|78497121|53494507|0|0|1|500760576|0|||0|0|121388672.404|69135280.813|9677070.166|14599|0|0|0|2022-04-18 21:24:12.572335+02
1250|1650317761.288413|2022-04-18 23:36:01.288413+02|16408|test|17|314961650|0|327953392|1318780594|396580677|369873997|78507359|53504745|0|0|1|500760576|0|||0|0|121404715.14|69148604.645|9678859.046|14601|0|0|0|2022-04-18 21:24:12.572335+02
1251|1650317762.309245|2022-04-18 23:36:02.309245+02|16408|test|17|314972862|0|327965065|1318893101|396603403|369896607|78518567|53515953|0|0|1|500760576|0|||0|0|121421011.522|69161811.676|9680919.447|14603|0|0|0|2022-04-18 21:24:12.572335+02
1252|1650317763.329663|2022-04-18 23:36:03.329663+02|16408|test|17|314981668|0|327974202|1318981552|396621289|369914405|78527369|53524755|0|0|1|500760576|0|||0|0|121437090.735|69175441.435|9682547.835|14605|0|0|0|2022-04-18 21:24:12.572335+02
1253|1650317764.350468|2022-04-18 23:36:04.350468+02|16408|test|17|314993977|0|327987056|1319104933|396646205|369939209|78539674|53537060|0|0|1|500760576|0|||0|0|121453158.863|69187930.317|9684944.667|14607|0|0|0|2022-04-18 21:24:12.572335+02
1254|1650317765.370514|2022-04-18 23:36:05.370514+02|16408|test|17|315007110|0|328000633|1319236680|396672785|369965661|78552803|53550189|0|0|1|500760576|0|||0|0|121469200.528|69200395.085|9687297.936|14609|0|0|0|2022-04-18 21:24:12.572335+02
1255|1650317766.390864|2022-04-18 23:36:06.390864+02|16408|test|17|315018206|0|328012154|1319348274|396695277|369988039|78563895|53561281|0|0|1|500760576|0|||0|0|121485256.544|69213333.597|9689359.935|14611|0|0|0|2022-04-18 21:24:12.572335+02
1256|1650317767.410757|2022-04-18 23:36:07.410757+02|16408|test|17|315033042|0|328027546|1319496858|396725292|370017897|78578727|53576113|0|0|1|500760576|0|||0|0|121504819.28|69228885.705|9692007.454|14613|0|0|0|2022-04-18 21:24:12.572335+02
1257|1650317768.431355|2022-04-18 23:36:08.431355+02|16408|test|17|315039298|0|328034085|1319559621|396738051|370030595|78584979|53582365|0|0|1|500760576|0|||0|0|121518323.384|69240565.204|9693205.065|14615|0|0|0|2022-04-18 21:24:12.572335+02
1258|1650317769.451746|2022-04-18 23:36:09.451746+02|16408|test|17|315053789|0|328049133|1319704910|396767360|370059763|78599466|53596852|0|0|1|500760576|0|||0|0|121539381.928|69257651.741|9695827.968|14617|0|0|0|2022-04-18 21:24:12.572335+02
1259|1650317770.473400|2022-04-18 23:36:10.4734+02|16408|test|17|315066558|0|328062351|1319833075|396793224|370085487|78612231|53609617|0|0|1|500760576|0|||0|0|121555425.771|69270129.372|9698207.313|14619|0|0|0|2022-04-18 21:24:12.572335+02
1260|1650317771.493620|2022-04-18 23:36:11.49362+02|16408|test|17|315079271|0|328075574|1319960661|396818996|370111099|78624940|53622326|0|0|1|500760576|0|||0|0|121571473.088|69282736.765|9700496.282|14621|0|0|0|2022-04-18 21:24:12.572335+02
1261|1650317772.514232|2022-04-18 23:36:12.514232+02|16408|test|17|315089285|0|328086132|1320061042|396839330|370131313|78634950|53632336|0|0|1|500760576|0|||0|0|121587625.104|69296238.169|9702236.316|14623|0|0|0|2022-04-18 21:24:12.572335+02
1262|1650317773.534197|2022-04-18 23:36:13.534197+02|16408|test|17|315102261|0|328099713|1320191119|396865615|370157451|78647922|53645308|0|0|1|500760576|0|||0|0|121603657.443|69308713.924|9704614.946|14625|0|0|0|2022-04-18 21:24:12.572335+02
1263|1650317774.554781|2022-04-18 23:36:14.554781+02|16408|test|17|315106935|0|328104543|1320238270|396875213|370166985|78652592|53649978|0|0|1|500760576|0|||0|0|121617492.19|69321241.804|9705461.461|14627|0|0|0|2022-04-18 21:24:12.572335+02
1264|1650317775.575233|2022-04-18 23:36:15.575233+02|16408|test|17|315119912|0|328117995|1320368483|396901473|370193125|78665565|53662951|0|0|1|500760576|0|||0|0|121633523.435|69333785.489|9707780.717|14629|0|0|0|2022-04-18 21:24:12.572335+02
1265|1650317776.595261|2022-04-18 23:36:16.595261+02|16408|test|17|315135495|0|328134208|1320524670|396932976|370224477|78681144|53678530|0|0|1|500760576|0|||0|0|121653098.428|69349019.37|9710654.138|14631|0|0|0|2022-04-18 21:24:12.572335+02
1266|1650317777.616221|2022-04-18 23:36:17.616221+02|16408|test|17|315148022|0|328147240|1320650384|396958351|370249717|78693667|53691053|0|0|1|500760576|0|||0|0|121669149.816|69361572.944|9713007.55|14633|0|0|0|2022-04-18 21:24:12.572335+02
1267|1650317778.636113|2022-04-18 23:36:18.636113+02|16408|test|17|315158421|0|328158020|1320754669|396979433|370270701|78704062|53701448|0|0|1|500760576|0|||0|0|121685229.176|69374697.897|9714975.957|14635|0|0|0|2022-04-18 21:24:12.572335+02
1268|1650317779.657163|2022-04-18 23:36:19.657163+02|16408|test|17|315170313|0|328170416|1320874059|397003510|370294671|78715950|53713336|0|0|1|500760576|0|||0|0|121701500.451|69387681.06|9717196.195|14637|0|0|0|2022-04-18 21:24:12.572335+02
1269|1650317780.679123|2022-04-18 23:36:20.679123+02|16408|test|17|315178230|0|328178767|1320953465|397019611|370310691|78723863|53721249|0|0|1|500760576|0|||0|0|121717570.498|69401526.584|9718671.194|14639|0|0|0|2022-04-18 21:24:12.572335+02
1270|1650317781.699100|2022-04-18 23:36:21.6991+02|16408|test|17|315191422|0|328192435|1321085819|397046325|370337261|78737051|53734437|0|0|1|500760576|0|||0|0|121733612.05|69413946.813|9721086.52|14641|0|0|0|2022-04-18 21:24:12.572335+02
1271|1650317782.719764|2022-04-18 23:36:22.719764+02|16408|test|17|315203727|0|328205286|1321209182|397071242|370362057|78749352|53746738|0|0|1|500760576|0|||0|0|121749661.347|69426528.043|9723404.818|14643|0|0|0|2022-04-18 21:24:12.572335+02
1272|1650317783.740523|2022-04-18 23:36:23.740523+02|16408|test|17|315215225|0|328217168|1321324647|397094550|370385239|78760846|53758232|0|0|1|500760576|0|||0|0|121765741.913|69439357.524|9725587.923|14645|0|0|0|2022-04-18 21:24:12.572335+02
1273|1650317784.761823|2022-04-18 23:36:24.761823+02|16408|test|17|315225371|0|328227694|1321426565|397115134|370405717|78770988|53768374|0|0|1|500760576|0|||0|0|121781779.335|69452608.191|9727437.218|14647|0|0|0|2022-04-18 21:24:12.572335+02
1274|1650317785.782118|2022-04-18 23:36:25.782118+02|16408|test|17|315236644|0|328239334|1321539660|397137984|370428449|78782257|53779643|0|0|1|500760576|0|||0|0|121798450.936|69466090.617|9729577.879|14649|0|0|0|2022-04-18 21:24:12.572335+02
1275|1650317786.801898|2022-04-18 23:36:26.801898+02|16408|test|17|315244748|0|328247810|1321621034|397154471|370444843|78790357|53787743|0|0|1|500760576|0|||0|0|121815374.742|69480753.909|9731083.853|14651|0|0|0|2022-04-18 21:24:12.572335+02
1276|1650317787.822496|2022-04-18 23:36:27.822496+02|16408|test|17|315257049|0|328260579|1321744481|397179388|370469631|78802654|53800040|0|0|1|500760576|0|||0|0|121831420.978|69493412.972|9733326.55|14653|0|0|0|2022-04-18 21:24:12.572335+02
1277|1650317788.844179|2022-04-18 23:36:28.844179+02|16408|test|17|315269450|0|328273519|1321868895|397204496|370494619|78815051|53812437|0|0|1|500760576|0|||0|0|121847468.08|69505990.659|9735668.797|14655|0|0|0|2022-04-18 21:24:12.572335+02
1278|1650317789.864337|2022-04-18 23:36:29.864337+02|16408|test|17|315282301|0|328286786|1321997829|397230492|370520507|78827898|53825284|0|0|1|500760576|0|||0|0|121865054.316|69519961.246|9738078.141|14657|0|0|0|2022-04-18 21:24:12.572335+02
1279|1650317790.885080|2022-04-18 23:36:30.88508+02|16408|test|17|315293959|0|328298930|1322114831|397254111|370544009|78839552|53836938|0|0|1|500760576|0|||0|0|121881119.185|69532889.627|9740151.466|14659|0|0|0|2022-04-18 21:24:12.572335+02
1280|1650317791.905090|2022-04-18 23:36:31.90509+02|16408|test|17|315303313|0|328308539|1322208814|397273090|370562903|78848902|53846288|0|0|1|500760576|0|||0|0|121897659.898|69546806.4|9741897.813|14661|0|0|0|2022-04-18 21:24:12.572335+02
1281|1650317792.924942|2022-04-18 23:36:32.924942+02|16408|test|17|315313796|0|328319448|1322313970|397294342|370584055|78859381|53856767|0|0|1|500760576|0|||0|0|121913696.692|69559919.175|9743846.864|14663|0|0|0|2022-04-18 21:24:12.572335+02
1282|1650317793.944822|2022-04-18 23:36:33.944822+02|16408|test|17|315326512|0|328332621|1322441483|397320072|370609673|78872093|53869479|0|0|1|500760576|0|||0|0|121929736.564|69572415.348|9746219.387|14665|0|0|0|2022-04-18 21:24:12.572335+02
1283|1650317794.965364|2022-04-18 23:36:34.965364+02|16408|test|17|315339729|0|328346336|1322574059|397346833|370636293|78885306|53882692|0|0|1|500760576|0|||0|0|121945779.776|69584750.775|9748717.398|14667|0|0|0|2022-04-18 21:24:12.572335+02
1284|1650317795.985583|2022-04-18 23:36:35.985583+02|16408|test|17|315349794|0|328356863|1322675115|397367241|370656609|78895367|53892753|0|0|1|500760576|0|||0|0|121961815.136|69598042.411|9750535.463|14669|0|0|0|2022-04-18 21:24:12.572335+02
1285|1650317797.006504|2022-04-18 23:36:37.006504+02|16408|test|17|315362564|0|328370118|1322803269|397393106|370682335|78908133|53905519|0|0|1|500760576|0|||0|0|121977854.018|69610551.567|9752910.782|14671|0|0|0|2022-04-18 21:24:12.572335+02
1286|1650317798.027342|2022-04-18 23:36:38.027342+02|16408|test|17|315370013|0|328377901|1322878153|397408268|370697419|78915578|53912964|0|0|1|500760576|0|||0|0|121993986.011|69624696.817|9754211.519|14673|0|0|0|2022-04-18 21:24:12.572335+02
1287|1650317799.047864|2022-04-18 23:36:39.047864+02|16408|test|17|315381633|0|328389877|1322994774|397431799|370720845|78927194|53924580|0|0|1|500760576|0|||0|0|122010024.17|69637694.284|9756200.086|14675|0|0|0|2022-04-18 21:24:12.572335+02
1288|1650317800.069202|2022-04-18 23:36:40.069202+02|16408|test|17|315394291|0|328403052|1323121803|397457438|370746347|78939848|53937234|0|0|1|500760576|0|||0|0|122026058.414|69650104.499|9758602.62|14677|0|0|0|2022-04-18 21:24:12.572335+02
1289|1650317801.089772|2022-04-18 23:36:41.089772+02|16408|test|18|315407239|0|328416563|1323251872|397483666|370772429|78952792|53950178|0|0|1|500760576|0|||0|0|122042098.383|69662305.067|9761174.219|14679|0|0|0|2022-04-18 21:24:12.572335+02
1290|1650317802.110240|2022-04-18 23:36:42.11024+02|16408|test|18|315417153|0|328426871|1323353578|397504143|370792443|78962702|53960088|0|0|1|500760576|0|||0|0|122058153.754|69675286.596|9763232.666|14681|0|0|0|2022-04-18 21:24:12.572335+02
1291|1650317803.130443|2022-04-18 23:36:43.130443+02|16408|test|18|315427573|0|328437813|1323463132|397526102|370813469|78973118|53970504|0|0|1|500760576|0|||0|0|122074208.797|69688097.182|9765417.857|14683|0|0|0|2022-04-18 21:24:12.572335+02
1292|1650317804.153127|2022-04-18 23:36:44.153127+02|16408|test|17|315434957|0|328470038|1323543712|397542811|370828769|78980494|53977884|0|0|1|500760576|0|||0|0|122090588.544|69702363.025|9766831.157|14685|0|0|0|2022-04-18 21:24:12.572335+02
1293|1650317805.173164|2022-04-18 23:36:45.173164+02|16408|test|17|315447966|0|328483543|1323674181|397569145|370854973|78993499|53990889|0|0|1|500760576|0|||0|0|122106622.286|69714767.03|9769271.502|14687|0|0|0|2022-04-18 21:24:12.572335+02
1294|1650317806.193209|2022-04-18 23:36:46.193209+02|16408|test|17|315461356|0|328497407|1323808504|397596248|370881939|79006885|54004275|0|0|1|500760576|0|||0|0|122123164.906|69727564.477|9771773.813|14689|0|0|0|2022-04-18 21:24:12.572335+02
1295|1650317807.213714|2022-04-18 23:36:47.213714+02|16408|test|17|315472176|0|328508744|1323916973|397618180|370903765|79017701|54015091|0|0|1|500760576|0|||0|0|122139886.411|69741254.304|9773785.336|14691|0|0|0|2022-04-18 21:24:12.572335+02
1296|1650317808.235160|2022-04-18 23:36:48.23516+02|16408|test|17|315484837|0|328521920|1324044031|397643806|370929273|79030358|54027748|0|0|1|500760576|0|||0|0|122155919.412|69753829.423|9776059.209|14693|0|0|0|2022-04-18 21:24:12.572335+02
1297|1650317809.256240|2022-04-18 23:36:49.25624+02|16408|test|17|315494159|0|328531475|1324137618|397662707|370948103|79039676|54037066|0|0|1|500760576|0|||0|0|122174197.907|69769466.234|9777801.74|14695|0|0|0|2022-04-18 21:24:12.572335+02
1298|1650317810.276544|2022-04-18 23:36:50.276544+02|16408|test|17|315506173|0|328543925|1324258233|397687033|370972317|79051686|54049076|0|0|1|500760576|0|||0|0|122190241.749|69782329.398|9779919.219|14697|0|0|0|2022-04-18 21:24:12.572335+02
1299|1650317811.297002|2022-04-18 23:36:51.297002+02|16408|test|17|315518974|0|328557232|1324386611|397712952|370998105|79064483|54061873|0|0|1|500760576|0|||0|0|122206287.164|69794675.923|9782420.11|14699|0|0|0|2022-04-18 21:24:12.572335+02
1300|1650317812.316944|2022-04-18 23:36:52.316944+02|16408|test|17|315531763|0|328570549|1324514807|397738828|371023869|79077268|54074658|0|0|1|500760576|0|||0|0|122222326.595|69807092.046|9784830.791|14701|0|0|0|2022-04-18 21:24:12.572335+02
1301|1650317813.338269|2022-04-18 23:36:53.338269+02|16408|test|17|315542032|0|328581294|1324617891|397759639|371044593|79087533|54084923|0|0|1|500760576|0|||0|0|122238405.377|69820297.398|9786733.37|14703|0|0|0|2022-04-18 21:24:12.572335+02
1302|1650317814.358512|2022-04-18 23:36:54.358512+02|16408|test|17|315555253|0|328595063|1324750576|397786402|371071221|79100750|54098140|0|0|1|500760576|0|||0|0|122254448.382|69832721.301|9789132.921|14705|0|0|0|2022-04-18 21:24:12.572335+02
1303|1650317815.379922|2022-04-18 23:36:55.379922+02|16408|test|17|315562574|0|328602615|1324824092|397801300|371086049|79108067|54105457|0|0|1|500760576|0|||0|0|122271781.9|69847965.043|9790516.97|14707|0|0|0|2022-04-18 21:24:12.572335+02
1304|1650317816.400561|2022-04-18 23:36:56.400561+02|16408|test|17|315575434|0|328615911|1324952961|397827331|371111955|79120923|54118313|0|0|1|500760576|0|||0|0|122287820.847|69860330.294|9792955.229|14709|0|0|0|2022-04-18 21:24:12.572335+02
1305|1650317817.420389|2022-04-18 23:36:57.420389+02|16408|test|17|315588447|0|328629445|1325083567|397853687|371138167|79133932|54131322|0|0|1|500760576|0|||0|0|122303856.228|69872858.96|9795250.992|14711|0|0|0|2022-04-18 21:24:12.572335+02
1306|1650317818.441148|2022-04-18 23:36:58.441148+02|16408|test|17|315601081|0|328642658|1325210226|397879272|371163621|79146562|54143952|0|0|1|500760576|0|||0|0|122319904.912|69885354.891|9797616.929|14713|0|0|0|2022-04-18 21:24:12.572335+02
1307|1650317819.461545|2022-04-18 23:36:59.461545+02|16408|test|17|315611037|0|328653048|1325310114|397899450|371183719|79156514|54153904|0|0|1|500760576|0|||0|0|122336023.558|69898711.42|9799464.682|14715|0|0|0|2022-04-18 21:24:12.572335+02
1308|1650317820.481424|2022-04-18 23:37:00.481424+02|16408|test|17|315623819|0|328666343|1325438268|397925333|371209469|79169292|54166682|0|0|1|500760576|0|||0|0|122352314.316|69911364.423|9801912.675|14717|0|0|0|2022-04-18 21:24:12.572335+02
1309|1650317821.501316|2022-04-18 23:37:01.501316+02|16408|test|17|315631185|0|328674037|1325512258|397940324|371224387|79176654|54174044|0|0|1|500760576|0|||0|0|122368422.071|69925436.94|9803256.642|14719|0|0|0|2022-04-18 21:24:12.572335+02
1310|1650317822.521223|2022-04-18 23:37:02.521223+02|16408|test|17|315644034|0|328687391|1325641200|397966334|371250271|79189499|54186889|0|0|1|500760576|0|||0|0|122384461.977|69938025.745|9805513.83|14721|0|0|0|2022-04-18 21:24:12.572335+02
1311|1650317823.541409|2022-04-18 23:37:03.541409+02|16408|test|17|315656572|0|328700348|1325767043|397991726|371275533|79202033|54199423|0|0|1|500760576|0|||0|0|122400492.664|69950447.694|9807941.001|14723|0|0|0|2022-04-18 21:24:12.572335+02
1312|1650317824.561991|2022-04-18 23:37:04.561991+02|16408|test|17|315668943|0|328713199|1325891090|398016788|371300461|79214400|54211790|0|0|1|500760576|0|||0|0|122416763.865|69963155.569|9810335.528|14725|0|0|0|2022-04-18 21:24:12.572335+02
1313|1650317825.582476|2022-04-18 23:37:05.582476+02|16408|test|17|315679927|0|328724586|1326001335|398039044|371322615|79225380|54222770|0|0|1|500760576|0|||0|0|122432808.399|69976202.102|9812308.426|14727|0|0|0|2022-04-18 21:24:12.572335+02
1314|1650317826.603134|2022-04-18 23:37:06.603134+02|16408|test|17|315689963|0|328735005|1326102037|398059391|371342873|79235412|54232802|0|0|1|500760576|0|||0|0|122449935.772|69990416.169|9814268.536|14729|0|0|0|2022-04-18 21:24:12.572335+02
1315|1650317827.623493|2022-04-18 23:37:07.623493+02|16408|test|17|315700206|0|328745668|1326204909|398080169|371363545|79245651|54243041|0|0|1|500760576|0|||0|0|122465964.533|70003610.667|9816106.131|14731|0|0|0|2022-04-18 21:24:12.572335+02
1316|1650317828.644575|2022-04-18 23:37:08.644575+02|16408|test|17|315712667|0|328758653|1326329753|398105410|371388653|79258108|54255498|0|0|1|500760576|0|||0|0|122482002.357|70016232.223|9818390.21|14733|0|0|0|2022-04-18 21:24:12.572335+02
1317|1650317829.665469|2022-04-18 23:37:09.665469+02|16408|test|17|315724847|0|328771312|1326451960|398130073|371413199|79270284|54267674|0|0|1|500760576|0|||0|0|122498043.106|70028788.537|9820727.67|14735|0|0|0|2022-04-18 21:24:12.572335+02
1318|1650317830.685430|2022-04-18 23:37:10.68543+02|16408|test|17|315738647|0|328785504|1326590495|398157983|371440985|79284080|54281470|0|0|1|500760576|0|||0|0|122519142.543|70045955.811|9823358.453|14737|0|0|0|2022-04-18 21:24:12.572335+02
1319|1650317831.705631|2022-04-18 23:37:11.705631+02|16408|test|17|315750569|0|328797858|1326710151|398182131|371465015|79295998|54293388|0|0|1|500760576|0|||0|0|122535187.289|70058663.776|9825567.82|14739|0|0|0|2022-04-18 21:24:12.572335+02
1320|1650317832.726624|2022-04-18 23:37:12.726624+02|16408|test|17|315756129|0|328803589|1326766116|398193496|371476321|79301554|54298944|0|0|1|500760576|0|||0|0|122547630.624|70069673.292|9826513.096|14741|0|0|0|2022-04-18 21:24:12.572335+02
1321|1650317833.746507|2022-04-18 23:37:13.746507+02|16408|test|17|315765847|0|328813686|1326863785|398213212|371495943|79311268|54308658|0|0|1|500760576|0|||0|0|122563666.627|70083150.555|9828171.5|14743|0|0|0|2022-04-18 21:24:12.572335+02
1322|1650317834.767754|2022-04-18 23:37:14.767754+02|16408|test|17|315778083|0|328826439|1326986483|398237993|371520601|79323500|54320890|0|0|1|500760576|0|||0|0|122579715.162|70095816.4|9830442.269|14745|0|0|0|2022-04-18 21:24:12.572335+02
1323|1650317835.788785|2022-04-18 23:37:15.788785+02|16408|test|17|315790800|0|328839671|1327113974|398263735|371546221|79336213|54333603|0|0|1|500760576|0|||0|0|122595751.44|70108247.163|9832856.983|14747|0|0|0|2022-04-18 21:24:12.572335+02
1324|1650317836.808812|2022-04-18 23:37:16.808812+02|16408|test|17|315801328|0|328850663|1327219681|398285079|371567463|79346737|54344127|0|0|1|500760576|0|||0|0|122611850.105|70121354.847|9834867.291|14749|0|0|0|2022-04-18 21:24:12.572335+02
1325|1650317837.828843|2022-04-18 23:37:17.828843+02|16408|test|17|315819869|0|328869918|1327405605|398322520|371604731|79365274|54362664|0|0|1|500760576|0|||0|0|122635401.202|70139680.053|9838373.064|14751|0|0|0|2022-04-18 21:24:12.572335+02
1326|1650317838.848914|2022-04-18 23:37:18.848914+02|16408|test|17|315823963|0|328874210|1327446848|398330940|371613105|79369364|54366754|0|0|1|500760576|0|||0|0|122648211.241|70151384.509|9839087.386|14753|0|0|0|2022-04-18 21:24:12.572335+02
1327|1650317839.869458|2022-04-18 23:37:19.869458+02|16408|test|17|315836220|0|328886905|1327569839|398355778|371637805|79381617|54379007|0|0|1|500760576|0|||0|0|122664247.538|70164057.316|9841323.77|14755|0|0|0|2022-04-18 21:24:12.572335+02
1328|1650317840.889292|2022-04-18 23:37:20.889292+02|16408|test|17|315849031|0|328900318|1327698182|398381696|371663613|79394424|54391814|0|0|1|500760576|0|||0|0|122680283.046|70176432.586|9843783.746|14757|0|0|0|2022-04-18 21:24:12.572335+02
1329|1650317841.909523|2022-04-18 23:37:21.909523+02|16408|test|17|315862633|0|328914541|1327834506|398409220|371691003|79408022|54405412|0|0|1|500760576|0|||0|0|122697331.335|70189560.846|9846418.631|14759|0|0|0|2022-04-18 21:24:12.572335+02
1330|1650317842.930995|2022-04-18 23:37:22.930995+02|16408|test|17|315875268|0|328927820|1327961188|398434803|371716459|79420653|54418043|0|0|1|500760576|0|||0|0|122716904.642|70205707.926|9848684.953|14761|0|0|0|2022-04-18 21:24:12.572335+02
1331|1650317843.952816|2022-04-18 23:37:23.952816+02|16408|test|17|315887608|0|328940609|1328084850|398459800|371741325|79432989|54430379|0|0|1|500760576|0|||0|0|122732953.505|70218306.455|9850987.742|14763|0|0|0|2022-04-18 21:24:12.572335+02
1332|1650317844.973342|2022-04-18 23:37:24.973342+02|16408|test|17|315894436|0|328947745|1328153514|398473711|371755167|79439813|54437203|0|0|1|500760576|0|||0|0|122749014.308|70232443.481|9852247.098|14765|0|0|0|2022-04-18 21:24:12.572335+02
1333|1650317845.992662|2022-04-18 23:37:25.992662+02|16408|test|17|315906853|0|328960659|1328277935|398498852|371780187|79452226|54449616|0|0|1|500760576|0|||0|0|122765056.15|70244940.84|9854633.623|14767|0|0|0|2022-04-18 21:24:12.572335+02
1334|1650317847.013362|2022-04-18 23:37:27.013362+02|16408|test|17|315919382|0|328973768|1328403802|398524221|371805431|79464751|54462141|0|0|1|500760576|0|||0|0|122781093.216|70257364.302|9857060.113|14769|0|0|0|2022-04-18 21:24:12.572335+02
1335|1650317848.033729|2022-04-18 23:37:28.033729+02|16408|test|17|315932142|0|328987055|1328531580|398550057|371831137|79477507|54474897|0|0|1|500760576|0|||0|0|122797258.223|70269887.056|9859513.068|14771|0|0|0|2022-04-18 21:24:12.572335+02
1336|1650317849.054419|2022-04-18 23:37:29.054419+02|16408|test|17|315941875|0|328997238|1328629071|398569816|371850789|79487236|54484626|0|0|1|500760576|0|||0|0|122813297.478|70283214.796|9861333.413|14773|0|0|0|2022-04-18 21:24:12.572335+02
1337|1650317850.075187|2022-04-18 23:37:30.075187+02|16408|test|17|315953670|0|329009523|1328747378|398593720|371874565|79499027|54496417|0|0|1|500760576|0|||0|0|122829516.79|70296055.23|9863612.946|14775|0|0|0|2022-04-18 21:24:12.572335+02
1338|1650317851.096847|2022-04-18 23:37:31.096847+02|16408|test|17|315960732|0|329016965|1328818353|398608090|371888875|79506085|54503475|0|0|1|500760576|0|||0|0|122845598.036|70310140.789|9864934.481|14777|0|0|0|2022-04-18 21:24:12.572335+02
1339|1650317852.117033|2022-04-18 23:37:32.117033+02|16408|test|17|315973164|0|329029891|1328942917|398633283|371913925|79518513|54515903|0|0|1|500760576|0|||0|0|122861653.082|70322777.405|9867218.17|14779|0|0|0|2022-04-18 21:24:12.572335+02
1340|1650317853.138567|2022-04-18 23:37:33.138567+02|16408|test|17|315986129|0|329043428|1329072907|398659536|371940041|79531474|54528864|0|0|1|500760576|0|||0|0|122877695.223|70335142.211|9869665.985|14781|0|0|0|2022-04-18 21:24:12.572335+02
1341|1650317854.158985|2022-04-18 23:37:34.158985+02|16408|test|17|315998471|0|329056330|1329196738|398684536|371964911|79543812|54541202|0|0|1|500760576|0|||0|0|122893771.434|70347752.259|9871975.561|14783|0|0|0|2022-04-18 21:24:12.572335+02
1342|1650317855.180321|2022-04-18 23:37:35.180321+02|16408|test|17|316008727|0|329067036|1329299535|398705312|371985609|79554064|54551454|0|0|1|500760576|0|||0|0|122909810.294|70360957.627|9873851.562|14785|0|0|0|2022-04-18 21:24:12.572335+02
1343|1650317856.201842|2022-04-18 23:37:36.201842+02|16408|test|17|316019592|0|329078508|1329408400|398727348|372007525|79564925|54562315|0|0|1|500760576|0|||0|0|122928365.224|70376430.351|9875901.537|14787|0|0|0|2022-04-18 21:24:12.572335+02
1344|1650317857.223050|2022-04-18 23:37:37.22305+02|16408|test|17|316029599|0|329089005|1329508880|398747653|372027725|79574928|54572318|0|0|1|500760576|0|||0|0|122944411.181|70389701.262|9877754.771|14789|0|0|0|2022-04-18 21:24:12.572335+02
1345|1650317858.243515|2022-04-18 23:37:38.243515+02|16408|test|17|316042325|0|329102179|1329636547|398773414|372053363|79587650|54585040|0|0|1|500760576|0|||0|0|122960446.399|70402205.311|9880106.13|14791|0|0|0|2022-04-18 21:24:12.572335+02
1346|1650317859.264029|2022-04-18 23:37:39.264029+02|16408|test|17|316055471|0|329115878|1329768407|398800037|372079841|79600792|54598182|0|0|1|500760576|0|||0|0|122976484.306|70414532.514|9882617.503|14793|0|0|0|2022-04-18 21:24:12.572335+02
1347|1650317860.285243|2022-04-18 23:37:40.285243+02|16408|test|17|316065669|0|329126544|1329870527|398820706|372100423|79610986|54608376|0|0|1|500760576|0|||0|0|122992521.86|70427800.328|9884438.578|14795|0|0|0|2022-04-18 21:24:12.572335+02
1348|1650317861.305925|2022-04-18 23:37:41.305925+02|16408|test|17|316078465|0|329139913|1329998810|398847875|372126211|79623776|54621166|0|0|1|500760576|0|||0|0|123008553.361|70440384.282|9886698.453|14797|0|0|0|2022-04-18 21:24:12.572335+02
1349|1650317862.327401|2022-04-18 23:37:42.327401+02|16408|test|17|316085643|0|329147272|1330070951|398862494|372140753|79630950|54628340|0|0|1|500760576|0|||0|0|123025302.967|70455084.212|9888058.457|14799|0|0|0|2022-04-18 21:24:12.572335+02
1350|1650317863.347932|2022-04-18 23:37:43.347932+02|16408|test|17|316098181|0|329160169|1330197045|398887900|372166015|79643484|54640874|0|0|1|500760576|0|||0|0|123041347.299|70467883.624|9890180.713|14801|0|0|0|2022-04-18 21:24:12.572335+02
1351|1650317864.368720|2022-04-18 23:37:44.36872+02|16408|test|17|316111009|0|329173495|1330325689|398913866|372191857|79656308|54653698|0|0|1|500760576|0|||0|0|123057395.897|70480388.078|9892557.381|14803|0|0|0|2022-04-18 21:24:12.572335+02
1352|1650317865.388868|2022-04-18 23:37:45.388868+02|16408|test|17|316124087|0|329187216|1330456711|398940345|372218199|79669382|54666772|0|0|1|500760576|0|||0|0|123073471.095|70492723.92|9895080.371|14805|0|0|0|2022-04-18 21:24:12.572335+02
1353|1650317866.408766|2022-04-18 23:37:46.408766+02|16408|test|17|316134105|0|329197692|1330557173|398960662|372238421|79679396|54676786|0|0|1|500760576|0|||0|0|123089616.821|70506182.76|9896841.13|14807|0|0|0|2022-04-18 21:24:12.572335+02
1354|1650317867.429207|2022-04-18 23:37:47.429207+02|16408|test|17|316146997|0|329211149|1330686539|398986762|372264391|79692284|54689674|0|0|1|500760576|0|||0|0|123105656.173|70518658.826|9899210.231|14809|0|0|0|2022-04-18 21:24:12.572335+02
1355|1650317868.449894|2022-04-18 23:37:48.449894+02|16408|test|17|316154217|0|329218611|1330759031|399001458|372279017|79699500|54696890|0|0|1|500760576|0|||0|0|123122168.64|70533178.335|9900536.405|14811|0|0|0|2022-04-18 21:24:12.572335+02
1356|1650317869.470734|2022-04-18 23:37:49.470734+02|16408|test|17|316167303|0|329232255|1330890209|399027943|372305375|79712582|54709972|0|0|1|500760576|0|||0|0|123138207.706|70545612.802|9902918.226|14813|0|0|0|2022-04-18 21:24:12.572335+02
1357|1650317870.490552|2022-04-18 23:37:50.490552+02|16408|test|17|316180248|0|329245663|1331020063|399054142|372331451|79725523|54722913|0|0|1|500760576|0|||0|0|123154243.816|70557969.43|9905391.503|14815|0|0|0|2022-04-18 21:24:12.572335+02
1358|1650317871.510286|2022-04-18 23:37:51.510286+02|16408|test|17|316193236|0|329259273|1331150220|399080423|372357613|79738507|54735897|0|0|1|500760576|0|||0|0|123170279.832|70570335.475|9907861.429|14817|0|0|0|2022-04-18 21:24:12.572335+02
1359|1650317872.529416|2022-04-18 23:37:52.529416+02|16408|test|17|316203353|0|329269809|1331251789|399100942|372378033|79748620|54746010|0|0|1|500760576|0|||0|0|123186368.869|70583624.827|9909727.078|14819|0|0|0|2022-04-18 21:24:12.572335+02
1360|1650317873.550813|2022-04-18 23:37:53.550813+02|16408|test|17|316216150|0|329283153|1331379964|399126868|372403813|79761413|54758803|0|0|1|500760576|0|||0|0|123202416.422|70596013.313|9912207.809|14821|0|0|0|2022-04-18 21:24:12.572335+02
1361|1650317874.572855|2022-04-18 23:37:54.572855+02|16408|test|17|316223299|0|329290562|1331451876|399141424|372418297|79768558|54765948|0|0|1|500760576|0|||0|0|123218539.087|70610113.791|9913551.807|14823|0|0|0|2022-04-18 21:24:12.572335+02
1362|1650317875.593107|2022-04-18 23:37:55.593107+02|16408|test|17|316236335|0|329304186|1331582577|399167814|372444555|79781590|54778980|0|0|1|500760576|0|||0|0|123234573.64|70622632.767|9915880.306|14825|0|0|0|2022-04-18 21:24:12.572335+02
1363|1650317876.614218|2022-04-18 23:37:56.614218+02|16408|test|17|316249225|0|329317619|1331711906|399193894|372470521|79794476|54791866|0|0|1|500760576|0|||0|0|123250642.57|70634931.83|9918456.085|14827|0|0|0|2022-04-18 21:24:12.572335+02
1364|1650317877.633470|2022-04-18 23:37:57.63347+02|16408|test|17|316262096|0|329330971|1331841094|399219944|372496449|79807343|54804733|0|0|1|500760576|0|||0|0|123266698.114|70647565.35|9920691.414|14829|0|0|0|2022-04-18 21:24:12.572335+02
1365|1650317878.653396|2022-04-18 23:37:58.653396+02|16408|test|17|316272148|0|329341356|1331941915|399240342|372516739|79817391|54814781|0|0|1|500760576|0|||0|0|123282732.25|70660915.714|9922464.4|14831|0|0|0|2022-04-18 21:24:12.572335+02
1366|1650317879.673769|2022-04-18 23:37:59.673769+02|16408|test|17|316283657|0|329353190|1332057374|399263670|372539943|79828896|54826286|0|0|1|500760576|0|||0|0|123298912.621|70673829.027|9924649.424|14833|0|0|0|2022-04-18 21:24:12.572335+02
1367|1650317880.694349|2022-04-18 23:38:00.694349+02|16408|test|17|316293075|0|329362984|1332151942|399282779|372558965|79838310|54835700|0|0|1|500760576|0|||0|0|123315945.298|70688443.462|9926210.21|14835|0|0|0|2022-04-18 21:24:12.572335+02
1368|1650317881.715375|2022-04-18 23:38:01.715375+02|16408|test|17|316310541|0|329381131|1332327126|399318085|372594083|79855772|54853162|0|0|1|500760576|0|||0|0|123337497.711|70705183.033|9929437.351|14837|0|0|0|2022-04-18 21:24:12.572335+02
1369|1650317882.735885|2022-04-18 23:38:02.735885+02|16408|test|17|316323614|0|329394757|1332458314|399344559|372620415|79868841|54866231|0|0|1|500760576|0|||0|0|123353534.429|70717626.708|9931841.459|14839|0|0|0|2022-04-18 21:24:12.572335+02
1370|1650317883.756514|2022-04-18 23:38:03.756514+02|16408|test|17|316334007|0|329405618|1332562546|399365644|372641387|79879230|54876620|0|0|1|500760576|0|||0|0|123369723.928|70731053.123|9933654.169|14841|0|0|0|2022-04-18 21:24:12.572335+02
1371|1650317884.777007|2022-04-18 23:38:04.777007+02|16408|test|17|316347020|0|329419029|1332693180|399391994|372667599|79892239|54889629|0|0|1|500760576|0|||0|0|123385756.481|70743555.812|9935974.748|14843|0|0|0|2022-04-18 21:24:12.572335+02
1372|1650317885.796705|2022-04-18 23:38:05.796705+02|16408|test|17|316354152|0|329426472|1332764882|399406522|372682049|79899367|54896757|0|0|1|500760576|0|||0|0|123401888.567|70757721.186|9937266.506|14845|0|0|0|2022-04-18 21:24:12.572335+02
1373|1650317886.817143|2022-04-18 23:38:06.817143+02|16408|test|17|316367510|0|329440335|1332898839|399433560|372708951|79912721|54910111|0|0|1|500760576|0|||0|0|123419427.582|70771572.478|9939717.176|14847|0|0|0|2022-04-18 21:24:12.572335+02
1374|1650317887.837947|2022-04-18 23:38:07.837947+02|16408|test|17|316380426|0|329453705|1333028507|399459695|372734969|79925633|54923023|0|0|1|500760576|0|||0|0|123435483.319|70783967.124|9942188.765|14849|0|0|0|2022-04-18 21:24:12.572335+02
1375|1650317888.859144|2022-04-18 23:38:08.859144+02|16408|test|17|316393450|0|329467347|1333158983|399486047|372761203|79938653|54936043|0|0|1|500760576|0|||0|0|123451519.818|70796435.183|9944587.375|14851|0|0|0|2022-04-18 21:24:12.572335+02
1376|1650317889.880506|2022-04-18 23:38:09.880506+02|16408|test|17|316403612|0|329477857|1333260879|399506648|372781713|79948811|54946201|0|0|1|500760576|0|||0|0|123467556.823|70809630.662|9946486.821|14853|0|0|0|2022-04-18 21:24:12.572335+02
1377|1650317890.901831|2022-04-18 23:38:10.901831+02|16408|test|17|316415719|0|329490374|1333382495|399531175|372806113|79960914|54958304|0|0|1|500760576|0|||0|0|123483697.581|70822437.624|9948693.064|14855|0|0|0|2022-04-18 21:24:12.572335+02
1378|1650317891.922914|2022-04-18 23:38:11.922914+02|16408|test|17|316423817|0|329498902|1333463845|399547640|372822495|79969008|54966398|0|0|1|500760576|0|||0|0|123499746.496|70836220.912|9950186.1|14857|0|0|0|2022-04-18 21:24:12.572335+02
1379|1650317892.943147|2022-04-18 23:38:12.943147+02|16408|test|17|316436886|0|329512345|1333594857|399574084|372848819|79982073|54979463|0|0|1|500760576|0|||0|0|123515800.123|70848653.252|9952615.889|14859|0|0|0|2022-04-18 21:24:12.572335+02
1380|1650317893.963081|2022-04-18 23:38:13.963081+02|16408|test|17|316449949|0|329525961|1333725891|399600511|372875131|79995132|54992522|0|0|1|500760576|0|||0|0|123531832.884|70860907.124|9955172.302|14861|0|0|0|2022-04-18 21:24:12.572335+02
1381|1650317894.983320|2022-04-18 23:38:14.98332+02|16408|test|17|316460823|0|329537295|1333834963|399622565|372897065|80006002|55003392|0|0|1|500760576|0|||0|0|123547968.717|70874036.764|9957165.696|14863|0|0|0|2022-04-18 21:24:12.572335+02
1382|1650317896.003835|2022-04-18 23:38:16.003835+02|16408|test|17|316473652|0|329550697|1333963666|399648520|372922909|80018827|55016217|0|0|1|500760576|0|||0|0|123564010.626|70886641.582|9959417.397|14865|0|0|0|2022-04-18 21:24:12.572335+02
1383|1650317897.023883|2022-04-18 23:38:17.023883+02|16408|test|17|316481781|0|329559105|1334045231|399665042|372939353|80026952|55024342|0|0|1|500760576|0|||0|0|123580476.6|70900740.417|9960991.285|14867|0|0|0|2022-04-18 21:24:12.572335+02
1384|1650317898.045108|2022-04-18 23:38:18.045108+02|16408|test|17|316493379|0|329571227|1334161631|399688530|372962735|80038546|55035936|0|0|1|500760576|0|||0|0|123596513.996|70913669.68|9963036.664|14869|0|0|0|2022-04-18 21:24:12.572335+02
1385|1650317899.067180|2022-04-18 23:38:19.06718+02|16408|test|17|316506506|0|329584957|1334293101|399715084|372989175|80051669|55049059|0|0|1|500760576|0|||0|0|123612546.05|70925985.268|9965532.327|14871|0|0|0|2022-04-18 21:24:12.572335+02
1386|1650317900.087417|2022-04-18 23:38:20.087417+02|16408|test|17|316519547|0|329598543|1334423811|399741449|373015443|80064706|55062096|0|0|1|500760576|0|||0|0|123628584.071|70938396.473|9967939.886|14873|0|0|0|2022-04-18 21:24:12.572335+02
1387|1650317901.107955|2022-04-18 23:38:21.107955+02|16408|test|17|316529904|0|329609309|1334527755|399762431|373036343|80075059|55072449|0|0|1|500760576|0|||0|0|123644710.884|70951756.434|9969758.242|14875|0|0|0|2022-04-18 21:24:12.572335+02
1388|1650317902.128361|2022-04-18 23:38:22.128361+02|16408|test|17|316542754|0|329622641|1334656600|399788442|373062229|80087905|55085295|0|0|1|500760576|0|||0|0|123660750.689|70964222.527|9972151.636|14877|0|0|0|2022-04-18 21:24:12.572335+02
1389|1650317903.149328|2022-04-18 23:38:23.149328+02|16408|test|17|316550092|0|329630368|1334730382|399803375|373077091|80095239|55092629|0|0|1|500760576|0|||0|0|123676973.069|70978366.781|9973529.904|14879|0|0|0|2022-04-18 21:24:12.572335+02
1390|1650317904.169963|2022-04-18 23:38:24.169963+02|16408|test|17|316562678|0|329643364|1334856608|399828849|373102449|80107821|55105211|0|0|1|500760576|0|||0|0|123693020.216|70990902.066|9975887.745|14881|0|0|0|2022-04-18 21:24:12.572335+02
1391|1650317905.190361|2022-04-18 23:38:25.190361+02|16408|test|17|316575619|0|329656785|1334986509|399855066|373128517|80120758|55118148|0|0|1|500760576|0|||0|0|123709052.395|71003227.996|9978365.448|14883|0|0|0|2022-04-18 21:24:12.572335+02
1392|1650317906.210956|2022-04-18 23:38:26.210956+02|16408|test|17|316588221|0|329669857|1335112941|399880581|373153907|80133356|55130746|0|0|1|500760576|0|||0|0|123725093.984|71015708.038|9980764.794|14885|0|0|0|2022-04-18 21:24:12.572335+02
1393|1650317907.230810|2022-04-18 23:38:27.23081+02|16408|test|17|316598578|0|329680733|1335216738|399901577|373174807|80143709|55141099|0|0|1|500760576|0|||0|0|123741224.691|71028956.697|9982698.466|14887|0|0|0|2022-04-18 21:24:12.572335+02
1394|1650317908.251537|2022-04-18 23:38:28.251537+02|16408|test|17|316611305|0|329693946|1335344489|399927356|373200447|80156432|55153822|0|0|1|500760576|0|||0|0|123757277.222|71041433.24|9985098.695|14889|0|0|0|2022-04-18 21:24:12.572335+02
1395|1650317909.271016|2022-04-18 23:38:29.271016+02|16408|test|17|316618088|0|329700962|1335412645|399941170|373214199|80163211|55160601|0|0|1|500760576|0|||0|0|123773414.806|71055660.236|9986373.95|14891|0|0|0|2022-04-18 21:24:12.572335+02
1396|1650317910.290556|2022-04-18 23:38:30.290556+02|16408|test|17|316630590|0|329714024|1335538019|399966475|373239389|80175709|55173099|0|0|1|500760576|0|||0|0|123789455.507|71068277.244|9988651.8|14893|0|0|0|2022-04-18 21:24:12.572335+02
1397|1650317911.311017|2022-04-18 23:38:31.311017+02|16408|test|17|316644731|0|329728552|1335679913|399995075|373267857|80189846|55187236|0|0|1|500760576|0|||0|0|123806993.969|71081779.128|9991369.562|14895|0|0|0|2022-04-18 21:24:12.572335+02
1398|1650317912.330884|2022-04-18 23:38:32.330884+02|16408|test|17|316659332|0|329743751|1335826247|400024590|373297245|80204443|55201833|0|0|1|500760576|0|||0|0|123827540.39|71098255.593|9994071.884|14897|0|0|0|2022-04-18 21:24:12.572335+02
1399|1650317913.351523|2022-04-18 23:38:33.351523+02|16408|test|17|316671120|0|329755956|1335944500|400048451|373321007|80216227|55213617|0|0|1|500760576|0|||0|0|123843603.14|71111020.491|9996282.704|14899|0|0|0|2022-04-18 21:24:12.572335+02
1400|1650317914.371476|2022-04-18 23:38:34.371476+02|16408|test|17|316678905|0|329764026|1336022736|400064279|373336763|80224008|55221398|0|0|1|500760576|0|||0|0|123853688.755|71118964.223|9997688.092|14901|0|0|0|2022-04-18 21:24:12.572335+02
1401|1650317915.391141|2022-04-18 23:38:35.391141+02|16408|test|17|316688881|0|329774374|1336122887|400084501|373356901|80233980|55231370|0|0|1|500760576|0|||0|0|123873744.845|71136219.575|9999553.79|14903|0|0|0|2022-04-18 21:24:12.572335+02
1402|1650317916.411307|2022-04-18 23:38:36.411307+02|16408|test|17|316701805|0|329787873|1336252480|400110658|373382935|80246900|55244290|0|0|1|500760576|0|||0|0|123889787.729|71148514.988|10002089.298|14905|0|0|0|2022-04-18 21:24:12.572335+02
1403|1650317917.431139|2022-04-18 23:38:37.431139+02|16408|test|17|316716746|0|329803479|1336402264|400140871|373413003|80261837|55259227|0|0|1|500760576|0|||0|0|123908329.697|71162877.269|10004886.831|14907|0|0|0|2022-04-18 21:24:12.572335+02
1404|1650317918.451652|2022-04-18 23:38:38.451652+02|16408|test|17|316727498|0|329814641|1336510160|400162662|373434693|80272585|55269975|0|0|1|500760576|0|||0|0|123924391.705|71175985.772|10006834.958|14909|0|0|0|2022-04-18 21:24:12.572335+02
1405|1650317919.472169|2022-04-18 23:38:39.472169+02|16408|test|17|316739949|0|329827598|1336635056|400187851|373459781|80285032|55282422|0|0|1|500760576|0|||0|0|123940441.89|71188559.873|10009142.999|14911|0|0|0|2022-04-18 21:24:12.572335+02
1406|1650317920.493538|2022-04-18 23:38:40.493538+02|16408|test|17|316747546|0|329835467|1336711288|400203291|373475149|80292626|55290016|0|0|1|500760576|0|||0|0|123956549.743|71202606.668|10010481.991|14912|0|0|0|2022-04-18 21:24:12.572335+02
1407|1650317921.504293|2022-04-18 23:38:41.504293+02|16408|test|17|316761049|0|329849556|1336846594|400231882|373502363|80306122|55303512|0|0|1|500760576|0|||0|0|123974585.303|71216822.187|10013026.367|14915|0|0|0|2022-04-18 21:24:12.572335+02
1408|1650317922.525200|2022-04-18 23:38:42.5252+02|16408|test|17|316774165|0|329863253|1336978146|400258419|373528781|80319234|55316624|0|0|1|500760576|0|||0|0|123990624.715|71229217.488|10015465.99|14917|0|0|0|2022-04-18 21:24:12.572335+02
1409|1650317923.545076|2022-04-18 23:38:43.545076+02|16408|test|17|316786967|0|329876439|1337106471|400284330|373554571|80332032|55329422|0|0|1|500760576|0|||0|0|124006664.119|71241561.835|10017950.532|14919|0|0|0|2022-04-18 21:24:12.572335+02
1410|1650317924.565316|2022-04-18 23:38:44.565316+02|16408|test|17|316796935|0|329886721|1337206437|400304545|373574693|80341996|55339386|0|0|1|500760576|0|||0|0|124022772.757|71254938.275|10019748.818|14921|0|0|0|2022-04-18 21:24:12.572335+02
1411|1650317925.586433|2022-04-18 23:38:45.586433+02|16408|test|17|316809557|0|329899951|1337332914|400330096|373600123|80354614|55352004|0|0|1|500760576|0|||0|0|124038829.978|71267470.578|10022118.321|14923|0|0|0|2022-04-18 21:24:12.572335+02
1412|1650317926.607108|2022-04-18 23:38:46.607108+02|16408|test|17|316816631|0|329907282|1337404075|400344510|373614457|80361684|55359074|0|0|1|500760576|0|||0|0|124055322.208|71281965.494|10023432.968|14925|0|0|0|2022-04-18 21:24:12.572335+02
1413|1650317927.628092|2022-04-18 23:38:47.628092+02|16408|test|17|316829683|0|329920863|1337535011|400370916|373640747|80374732|55372122|0|0|1|500760576|0|||0|0|124071364.582|71294463.066|10025790.713|14927|0|0|0|2022-04-18 21:24:12.572335+02
1414|1650317928.649113|2022-04-18 23:38:48.649113+02|16408|test|17|316842571|0|329934320|1337664301|400396995|373666709|80387616|55385006|0|0|1|500760576|0|||0|0|124087405.122|71306938.538|10028178.511|14929|0|0|0|2022-04-18 21:24:12.572335+02
1415|1650317929.669434|2022-04-18 23:38:49.669434+02|16408|test|17|316854953|0|329947184|1337788264|400422047|373691659|80399994|55397384|0|0|1|500760576|0|||0|0|124103454.648|71319510.171|10030484.103|14931|0|0|0|2022-04-18 21:24:12.572335+02
1416|1650317930.689270|2022-04-18 23:38:50.68927+02|16408|test|17|316864739|0|329957275|1337886645|400441915|373711417|80409776|55407166|0|0|1|500760576|0|||0|0|124119513.725|71332862.487|10032259.377|14933|0|0|0|2022-04-18 21:24:12.572335+02
1417|1650317931.710664|2022-04-18 23:38:51.710664+02|16408|test|17|316877231|0|329970268|1338011823|400467211|373736587|80422264|55419654|0|0|1|500760576|0|||0|0|124135822.416|71345756.009|10034534.394|14935|0|0|0|2022-04-18 21:24:12.572335+02
1418|1650317932.731333|2022-04-18 23:38:52.731333+02|16408|test|17|316884092|0|329977522|1338080748|400481189|373750495|80429121|55426511|0|0|1|500760576|0|||0|0|124151909.918|71359920.992|10035813.954|14937|0|0|0|2022-04-18 21:24:12.572335+02
1419|1650317933.752390|2022-04-18 23:38:53.75239+02|16408|test|17|316896349|0|329990345|1338203679|400506010|373775195|80441374|55438764|0|0|1|500760576|0|||0|0|124167947.171|71372649.242|10037992.039|14939|0|0|0|2022-04-18 21:24:12.572335+02
1420|1650317934.772701|2022-04-18 23:38:54.772701+02|16408|test|17|316908646|0|330003104|1338327022|400530915|373799975|80453667|55451057|0|0|1|500760576|0|||0|0|124183985.006|71385303.344|10040259.451|14941|0|0|0|2022-04-18 21:24:12.572335+02
1421|1650317935.794539|2022-04-18 23:38:55.794539+02|16408|test|17|316921473|0|330016339|1338455763|400556876|373825815|80466490|55463880|0|0|1|500760576|0|||0|0|124200021.355|71397853.582|10042580.225|14943|0|0|0|2022-04-18 21:24:12.572335+02
1422|1650317936.816727|2022-04-18 23:38:56.816727+02|16408|test|17|316931429|0|330026683|1338555635|400577057|373845913|80476442|55473832|0|0|1|500760576|0|||0|0|124216067.621|71411212.855|10044353.577|14945|0|0|0|2022-04-18 21:24:12.572335+02
1423|1650317937.837294|2022-04-18 23:38:57.837294+02|16408|test|17|316943599|0|330039328|1338677676|400601682|373870439|80488608|55485998|0|0|1|500760576|0|||0|0|124232349.37|71424022.363|10046660.849|14947|0|0|0|2022-04-18 21:24:12.572335+02
1424|1650317938.858070|2022-04-18 23:38:58.85807+02|16408|test|17|316951263|0|330047271|1338754605|400617270|373885953|80496268|55493658|0|0|1|500760576|0|||0|0|124248568.851|71438139.93|10048066.268|14949|0|0|0|2022-04-18 21:24:12.572335+02
1425|1650317939.878890|2022-04-18 23:38:59.87889+02|16408|test|17|316964553|0|330061055|1338887901|400644163|373912719|80509554|55506944|0|0|1|500760576|0|||0|0|124265103.345|71451000.526|10050520.756|14951|0|0|0|2022-04-18 21:24:12.572335+02
1426|1650317940.899221|2022-04-18 23:39:00.899221+02|16408|test|17|316977430|0|330074472|1339017114|400670236|373938659|80522427|55519817|0|0|1|500760576|0|||0|0|124281136.585|71463448.332|10052909.557|14953|0|0|0|2022-04-18 21:24:12.572335+02
1427|1650317941.919245|2022-04-18 23:39:01.919245+02|16408|test|17|316990041|0|330087734|1339143708|400695779|373964067|80535034|55532424|0|0|1|500760576|0|||0|0|124299212.636|71478204.063|10055088.336|14955|0|0|0|2022-04-18 21:24:12.572335+02
1428|1650317942.939444|2022-04-18 23:39:02.939444+02|16408|test|17|317002829|0|330100929|1339271929|400721653|373989829|80547818|55545208|0|0|1|500760576|0|||0|0|124316249.784|71491841.694|10057314.022|14957|0|0|0|2022-04-18 21:24:12.572335+02
1429|1650317943.959713|2022-04-18 23:39:03.959713+02|16408|test|17|317010111|0|330108503|1339344963|400736471|374004579|80555096|55552486|0|0|1|500760576|0|||0|0|124330157.512|71503681.714|10058691.136|14959|0|0|0|2022-04-18 21:24:12.572335+02
1430|1650317944.980060|2022-04-18 23:39:04.98006+02|16408|test|17|317019678|0|330118431|1339440869|400755885|374023899|80564659|55562049|0|0|1|500760576|0|||0|0|124346197.262|71517187.91|10060328.696|14961|0|0|0|2022-04-18 21:24:12.572335+02
1431|1650317946.000044|2022-04-18 23:39:06.000044+02|16408|test|17|317031588|0|330130800|1339560327|400780003|374047905|80576565|55573955|0|0|1|500760576|0|||0|0|124362232.464|71529968.03|10062505.966|14963|0|0|0|2022-04-18 21:24:12.572335+02
1432|1650317947.020517|2022-04-18 23:39:07.020517+02|16408|test|17|317043849|0|330143519|1339683300|400804829|374072613|80588822|55586212|0|0|1|500760576|0|||0|0|124378278.787|71542614.233|10064764.458|14965|0|0|0|2022-04-18 21:24:12.572335+02
1433|1650317948.042965|2022-04-18 23:39:08.042965+02|16408|test|17|317055304|0|330155482|1339798297|400828031|374095709|80600273|55597663|0|0|1|500760576|0|||0|0|124394383.63|71555538.133|10066892.547|14967|0|0|0|2022-04-18 21:24:12.572335+02
1434|1650317949.064422|2022-04-18 23:39:09.064422+02|16408|test|17|317064980|0|330165587|1339895188|400847644|374115247|80609945|55607335|0|0|1|500760576|0|||0|0|124410421.146|71569093.652|10068494.34|14969|0|0|0|2022-04-18 21:24:12.572335+02
1435|1650317950.084456|2022-04-18 23:39:10.084456+02|16408|test|17|317071498|0|330172397|1339960737|400860931|374128469|80616459|55613849|0|0|1|500760576|0|||0|0|124418443.753|71575224.392|10069783.734|14971|0|0|0|2022-04-18 21:24:12.572335+02
1436|1650317951.104237|2022-04-18 23:39:11.104237+02|16408|test|17|317085682|0|330187152|1340103017|400889630|374157023|80630639|55628029|0|0|1|500760576|0|||0|0|124445572.414|71598561.857|10072265.42|14973|0|0|0|2022-04-18 21:24:12.572335+02
1437|1650317952.124742|2022-04-18 23:39:12.124742+02|16408|test|17|317098271|0|330200285|1340229050|400915118|374182387|80643224|55640614|0|0|1|500760576|0|||0|0|124461630.663|71611067.689|10074630.896|14975|0|0|0|2022-04-18 21:24:12.572335+02
1438|1650317953.144593|2022-04-18 23:39:13.144593+02|16408|test|17|317110903|0|330213398|1340355826|400940685|374207837|80655852|55653242|0|0|1|500760576|0|||0|0|124477690.277|71623566.783|10077004.045|14977|0|0|0|2022-04-18 21:24:12.572335+02
1439|1650317954.166193|2022-04-18 23:39:14.166193+02|16408|test|17|317121465|0|330224408|1340461961|400962086|374229147|80666410|55663800|0|0|1|500760576|0|||0|0|124493851.337|71636731.1|10079023.723|14979|0|0|0|2022-04-18 21:24:12.572335+02
1440|1650317955.187420|2022-04-18 23:39:15.18742+02|16408|test|17|317133304|0|330236592|1340580594|400986039|374253011|80678245|55675635|0|0|1|500760576|0|||0|0|124509922.345|71649542.031|10081192.923|14981|0|0|0|2022-04-18 21:24:12.572335+02
1441|1650317956.207338|2022-04-18 23:39:16.207338+02|16408|test|17|317142553|0|330246219|1340673439|401004812|374271695|80687490|55684880|0|0|1|500760576|0|||0|0|124529561.153|71666603.086|10082917.198|14983|0|0|0|2022-04-18 21:24:12.572335+02
1442|1650317957.227259|2022-04-18 23:39:17.227259+02|16408|test|17|317154307|0|330258474|1340791249|401028606|374295389|80699240|55696630|0|0|1|500760576|0|||0|0|124545593.394|71679438.106|10085033.175|14985|0|0|0|2022-04-18 21:24:12.572335+02
1443|1650317958.248503|2022-04-18 23:39:18.248503+02|16408|test|17|317166670|0|330271286|1340915267|401053633|374320301|80711599|55708989|0|0|1|500760576|0|||0|0|124561664.945|71691997.611|10087394.199|14987|0|0|0|2022-04-18 21:24:12.572335+02
1444|1650317959.268965|2022-04-18 23:39:19.268965+02|16408|test|17|317179430|0|330284473|1341043324|401079456|374346007|80724355|55721745|0|0|1|500760576|0|||0|0|124577706.205|71704470.782|10089764.203|14989|0|0|0|2022-04-18 21:24:12.572335+02
1445|1650317960.290095|2022-04-18 23:39:20.290095+02|16408|test|17|317189074|0|330294441|1341140355|401099033|374365481|80733995|55731385|0|0|1|500760576|0|||0|0|124593770.119|71717924.927|10091468.797|14991|0|0|0|2022-04-18 21:24:12.572335+02
1446|1650317961.310746|2022-04-18 23:39:21.310746+02|16408|test|17|317200826|0|330306502|1341258275|401122827|374389171|80745743|55743133|0|0|1|500760576|0|||0|0|124609809.155|71730738.791|10093592.337|14993|0|0|0|2022-04-18 21:24:12.572335+02
1447|1650317962.331262|2022-04-18 23:39:22.331262+02|16408|test|17|317209324|0|330315384|1341343679|401140085|374406353|80754237|55751627|0|0|1|500760576|0|||0|0|124625884.308|71744398.339|10095216.553|14995|0|0|0|2022-04-18 21:24:12.572335+02
1448|1650317963.351161|2022-04-18 23:39:23.351161+02|16408|test|17|317219432|0|330325911|1341445113|401160589|374426755|80764341|55761731|0|0|1|500760576|0|||0|0|124641941.612|71757764.562|10096989.165|14997|0|0|0|2022-04-18 21:24:12.572335+02
1449|1650317964.371849|2022-04-18 23:39:24.371849+02|16408|test|17|317232267|0|330339294|1341573707|401186555|374452611|80777172|55774562|0|0|1|500760576|0|||0|0|124657984.057|71770096.314|10099493.169|14999|0|0|0|2022-04-18 21:24:12.572335+02
1450|1650317965.392604|2022-04-18 23:39:25.392604+02|16408|test|17|317245356|0|330352968|1341705014|401213019|374478975|80790257|55787647|0|0|1|500760576|0|||0|0|124674021.885|71782497.077|10101912.15|15001|0|0|0|2022-04-18 21:24:12.572335+02
1451|1650317966.413115|2022-04-18 23:39:26.413115+02|16408|test|17|317255595|0|330363651|1341807617|401233784|374499639|80800492|55797882|0|0|1|500760576|0|||0|0|124690094.096|71795616.253|10103884.853|15003|0|0|0|2022-04-18 21:24:12.572335+02
1452|1650317967.433759|2022-04-18 23:39:27.433759+02|16408|test|17|317268200|0|330376743|1341933993|401259300|374525035|80813093|55810483|0|0|1|500760576|0|||0|0|124706145.674|71808182.851|10106213.01|15005|0|0|0|2022-04-18 21:24:12.572335+02
1453|1650317968.455481|2022-04-18 23:39:28.455481+02|16408|test|17|317275587|0|330384367|1342008363|401274325|374539995|80820476|55817866|0|0|1|500760576|0|||0|0|124722581.786|71822549.39|10107588.974|15007|0|0|0|2022-04-18 21:24:12.572335+02
1454|1650317969.476342|2022-04-18 23:39:29.476342+02|16408|test|17|317287773|0|330396942|1342130579|401298980|374564553|80832658|55830048|0|0|1|500760576|0|||0|0|124738621.237|71835272.766|10109780.154|15009|0|0|0|2022-04-18 21:24:12.572335+02
1455|1650317970.497482|2022-04-18 23:39:30.497482+02|16408|test|17|317300574|0|330410240|1342258901|401324875|374590341|80845455|55842845|0|0|1|500760576|0|||0|0|124754665.38|71847742.549|10112176.702|15011|0|0|0|2022-04-18 21:24:12.572335+02
1456|1650317971.518124|2022-04-18 23:39:31.518124+02|16408|test|17|317313590|0|330423845|1342389377|401351219|374616559|80858467|55855857|0|0|1|500760576|0|||0|0|124770704.081|71860099.278|10114632.882|15013|0|0|0|2022-04-18 21:24:12.572335+02
1457|1650317972.538680|2022-04-18 23:39:32.53868+02|16408|test|17|317326029|0|330436813|1342514174|401376402|374641623|80870902|55868292|0|0|1|500760576|0|||0|0|124789392.94|71875394.332|10116875.183|15015|0|0|0|2022-04-18 21:24:12.572335+02
1458|1650317973.559231|2022-04-18 23:39:33.559231+02|16408|test|17|317338588|0|330449783|1342640133|401401839|374666927|80883457|55880847|0|0|1|500760576|0|||0|0|124805445.396|71887880.583|10119262.023|15017|0|0|0|2022-04-18 21:24:12.572335+02
1459|1650317974.578814|2022-04-18 23:39:34.578814+02|16408|test|17|317345638|0|330457090|1342711067|401416184|374681213|80890503|55887893|0|0|1|500760576|0|||0|0|124821512.509|71901902.171|10120615.32|15019|0|0|0|2022-04-18 21:24:12.572335+02
1460|1650317975.599071|2022-04-18 23:39:35.599071+02|16408|test|17|317358214|0|330470219|1342837105|401441644|374706551|80903075|55900465|0|0|1|500760576|0|||0|0|124837549.79|71914467.494|10122970.482|15021|0|0|0|2022-04-18 21:24:12.572335+02
1461|1650317976.619779|2022-04-18 23:39:36.619779+02|16408|test|17|317371052|0|330483485|1342965810|401467623|374732413|80915909|55913299|0|0|1|500760576|0|||0|0|124853590.851|71926824.153|10125463.35|15023|0|0|0|2022-04-18 21:24:12.572335+02
1462|1650317977.640262|2022-04-18 23:39:37.640262+02|16408|test|17|317382813|0|330495699|1343083825|401491463|374756121|80927666|55925056|0|0|1|500760576|0|||0|0|124868132.748|71938015.128|10127706.859|15025|0|0|0|2022-04-18 21:24:12.572335+02
1463|1650317978.660837|2022-04-18 23:39:38.660837+02|16408|test|17|317394356|0|330507730|1343199703|401514853|374779393|80939205|55936595|0|0|1|500760576|0|||0|0|124886041.674|71952753.357|10129832.212|15027|0|0|0|2022-04-18 21:24:12.572335+02
1464|1650317979.681322|2022-04-18 23:39:39.681322+02|16408|test|17|317406048|0|330519832|1343317058|401538542|374802963|80950893|55948283|0|0|1|500760576|0|||0|0|124902091.078|71965649.489|10131937.15|15029|0|0|0|2022-04-18 21:24:12.572335+02
1465|1650317980.702198|2022-04-18 23:39:40.702198+02|16408|test|17|317412333|0|330526364|1343380266|401551336|374815707|80957175|55954565|0|0|1|500760576|0|||0|0|124915669.917|71977473.913|10133106.62|15030|0|0|0|2022-04-18 21:24:12.572335+02
1466|1650317981.713859|2022-04-18 23:39:41.713859+02|16408|test|17|317430691|0|330545483|1343564153|401589693|374852631|80975526|55972916|0|0|1|500760576|0|||0|0|124938223.36|71994962.176|10136496.033|15033|0|0|0|2022-04-18 21:24:12.572335+02
1467|1650317982.735836|2022-04-18 23:39:42.735836+02|16408|test|17|317444797|0|330560284|1343705504|401618222|374881029|80989628|55987018|0|0|1|500760576|0|||0|0|124955775.109|72008516.762|10139194.684|15035|0|0|0|2022-04-18 21:24:12.572335+02
1468|1650317983.756596|2022-04-18 23:39:43.756596+02|16408|test|17|317455039|0|330570864|1343808287|401638975|374901699|80999866|55997256|0|0|1|500760576|0|||0|0|124971813.037|72021757.8|10141029.195|15037|0|0|0|2022-04-18 21:24:12.572335+02
1469|1650317984.777146|2022-04-18 23:39:44.777146+02|16408|test|17|317467975|0|330584401|1343938033|401665164|374927757|81012798|56010188|0|0|1|500760576|0|||0|0|124987895.991|72034269.176|10143412.814|15039|0|0|0|2022-04-18 21:24:12.572335+02
1470|1650317985.797721|2022-04-18 23:39:45.797721+02|16408|test|17|317475316|0|330591985|1344011903|401680109|374942625|81020135|56017525|0|0|1|500760576|0|||0|0|125004040.201|72048327.196|10144775.713|15041|0|0|0|2022-04-18 21:24:12.572335+02
1471|1650317986.817687|2022-04-18 23:39:46.817687+02|16408|test|17|317488107|0|330605218|1344140215|401706005|374968393|81032922|56030312|0|0|1|500760576|0|||0|0|125020082.702|72060893.755|10147071.09|15043|0|0|0|2022-04-18 21:24:12.572335+02
1472|1650317987.838278|2022-04-18 23:39:47.838278+02|16408|test|17|317501256|0|330618766|1344272286|401732596|374994877|81046067|56043457|0|0|1|500760576|0|||0|0|125036118.976|72073261.364|10149499.481|15045|0|0|0|2022-04-18 21:24:12.572335+02
1473|1650317988.859762|2022-04-18 23:39:48.859762+02|16408|test|17|317513932|0|330632015|1344399364|401758274|375020415|81058739|56056129|0|0|1|500760576|0|||0|0|125052159.643|72085715.367|10151927.523|15047|0|0|0|2022-04-18 21:24:12.572335+02
1474|1650317989.881038|2022-04-18 23:39:49.881038+02|16408|test|17|317524285|0|330642700|1344503271|401779242|375041307|81069088|56066478|0|0|1|500760576|0|||0|0|125068250.131|72099003.345|10153775.16|15049|0|0|0|2022-04-18 21:24:12.572335+02
1475|1650317990.902135|2022-04-18 23:39:50.902135+02|16408|test|17|317536915|0|330655940|1344630012|401804817|375066753|81081714|56079104|0|0|1|500760576|0|||0|0|125084310.312|72111512.618|10156157.334|15051|0|0|0|2022-04-18 21:24:12.572335+02
1476|1650317991.923428|2022-04-18 23:39:51.923428+02|16408|test|17|317543657|0|330662866|1344697776|401818558|375080423|81088452|56085842|0|0|1|500760576|0|||0|0|125100534.443|72125814.738|10157450.967|15053|0|0|0|2022-04-18 21:24:12.572335+02
1477|1650317992.945245|2022-04-18 23:39:52.945245+02|16408|test|17|317556428|0|330676104|1344825655|401844394|375106151|81101219|56098609|0|0|1|500760576|0|||0|0|125116574.611|72138284.824|10159842.956|15055|0|0|0|2022-04-18 21:24:12.572335+02
1478|1650317993.965102|2022-04-18 23:39:53.965102+02|16408|test|17|317569236|0|330689382|1344953946|401870317|375131953|81114023|56111413|0|0|1|500760576|0|||0|0|125132619.713|72150630.434|10162322.012|15057|0|0|0|2022-04-18 21:24:12.572335+02
1479|1650317994.986649|2022-04-18 23:39:54.986649+02|16408|test|17|317581783|0|330702441|1345079792|401895695|375157233|81126566|56123956|0|0|1|500760576|0|||0|0|125148672.617|72163251.806|10164614.918|15059|0|0|0|2022-04-18 21:24:12.572335+02
1480|1650317996.006761|2022-04-18 23:39:56.006761+02|16408|test|17|317592079|0|330713147|1345183131|401916567|375178011|81136858|56134248|0|0|1|500760576|0|||0|0|125164729.972|72176372.928|10166589.274|15061|0|0|0|2022-04-18 21:24:12.572335+02
1481|1650317997.028045|2022-04-18 23:39:57.028045+02|16408|test|17|317604798|0|330726269|1345310705|401942312|375203635|81149573|56146963|0|0|1|500760576|0|||0|0|125180768.368|72188847.053|10168954.377|15063|0|0|0|2022-04-18 21:24:12.572335+02
1482|1650317998.048925|2022-04-18 23:39:58.048925+02|16408|test|17|317611692|0|330733554|1345379874|401956362|375217609|81156463|56153853|0|0|1|500760576|0|||0|0|125197102.876|72203214.611|10170265.069|15065|0|0|0|2022-04-18 21:24:12.572335+02
1483|1650317999.068784|2022-04-18 23:39:59.068784+02|16408|test|17|317624763|0|330747157|1345510900|401982799|375243937|81169530|56166920|0|0|1|500760576|0|||0|0|125213143.766|72215709.659|10172617.159|15067|0|0|0|2022-04-18 21:24:12.572335+02
1484|1650318000.089000|2022-04-18 23:40:00.089+02|16408|test|17|317637688|0|330760553|1345640533|402008961|375269973|81182451|56179841|0|0|1|500760576|0|||0|0|125229180.446|72228221.366|10174961.614|15069|0|0|0|2022-04-18 21:24:12.572335+02
1485|1650318001.109285|2022-04-18 23:40:01.109285+02|16408|test|17|317650671|0|330774140|1345770652|402035232|375296125|81195430|56192820|0|0|1|500760576|0|||0|0|125245266.592|72240712.483|10177351.216|15071|0|0|0|2022-04-18 21:24:12.572335+02
1486|1650318002.129262|2022-04-18 23:40:02.129262+02|16408|test|17|317660563|0|330784481|1345870058|402055302|375316095|81205318|56202708|0|0|1|500760576|0|||0|0|125261303.226|72254236.833|10178953.886|15073|0|0|0|2022-04-18 21:24:12.572335+02
1487|1650318003.149818|2022-04-18 23:40:03.149818+02|16408|test|17|317671769|0|330796077|1345982356|402078007|375338693|81216520|56213910|0|0|1|500760576|0|||0|0|125279077.924|72268829.008|10181060.01|15075|0|0|0|2022-04-18 21:24:12.572335+02
1488|1650318004.170369|2022-04-18 23:40:04.170369+02|16408|test|17|317680976|0|330805589|1346074714|402096699|375357293|81225723|56223113|0|0|1|500760576|0|||0|0|125295116.478|72282426.161|10182664.574|15077|0|0|0|2022-04-18 21:24:12.572335+02
1489|1650318005.190400|2022-04-18 23:40:05.1904+02|16408|test|17|317693690|0|330818799|1346202250|402122445|375382907|81238433|56235823|0|0|1|500760576|0|||0|0|125311148.518|72294796.633|10185131.048|15079|0|0|0|2022-04-18 21:24:12.572335+02
1490|1650318006.210750|2022-04-18 23:40:06.21075+02|16408|test|17|317706723|0|330832427|1346332766|402148796|375409159|81251462|56248852|0|0|1|500760576|0|||0|0|125327183.746|72307189.466|10187550.978|15081|0|0|0|2022-04-18 21:24:12.572335+02
1491|1650318007.231139|2022-04-18 23:40:07.231139+02|16408|test|17|317717159|0|330843288|1346437488|402169933|375430217|81261894|56259284|0|0|1|500760576|0|||0|0|125343437.218|72320529.464|10189482.179|15083|0|0|0|2022-04-18 21:24:12.572335+02
1492|1650318008.251355|2022-04-18 23:40:08.251355+02|16408|test|17|317729657|0|330856255|1346562668|402195215|375455399|81274388|56271778|0|0|1|500760576|0|||0|0|125359467.103|72333212.951|10191685.15|15085|0|0|0|2022-04-18 21:24:12.572335+02
1493|1650318009.271295|2022-04-18 23:40:09.271295+02|16408|test|17|317738412|0|330865342|1346650567|402212977|375473095|81283139|56280529|0|0|1|500760576|0|||0|0|125375704.508|72346982.236|10193311.199|15087|0|0|0|2022-04-18 21:24:12.572335+02
1494|1650318010.291559|2022-04-18 23:40:10.291559+02|16408|test|17|317748682|0|330876098|1346753566|402233805|375493821|81293405|56290795|0|0|1|500760576|0|||0|0|125391765.829|72360330.633|10195078.671|15089|0|0|0|2022-04-18 21:24:12.572335+02
1495|1650318011.312256|2022-04-18 23:40:11.312256+02|16408|test|17|317761894|0|330889815|1346886048|402260533|375520431|81306613|56304003|0|0|1|500760576|0|||0|0|125407814.698|72372637.33|10197577.989|15091|0|0|0|2022-04-18 21:24:12.572335+02
1496|1650318012.332344|2022-04-18 23:40:12.332344+02|16408|test|17|317774832|0|330903171|1347015864|402286717|375546493|81319547|56316937|0|0|1|500760576|0|||0|0|125423843.527|72384993.899|10200050.052|15093|0|0|0|2022-04-18 21:24:12.572335+02
1497|1650318013.353354|2022-04-18 23:40:13.353354+02|16408|test|17|317788113|0|330917072|1347149052|402313586|375573241|81332824|56330214|0|0|1|500760576|0|||0|0|125443411.673|72400911.738|10202467.071|15095|0|0|0|2022-04-18 21:24:12.572335+02
1498|1650318014.373866|2022-04-18 23:40:14.373866+02|16408|test|17|317798218|0|330927509|1347250458|402334083|375593637|81342925|56340315|0|0|1|500760576|0|||0|0|125455943.632|72410662.266|10204306.83|15097|0|0|0|2022-04-18 21:24:12.572335+02
1499|1650318015.393422|2022-04-18 23:40:15.393422+02|16408|test|17|317807201|0|330936875|1347340526|402352333|375611789|81351904|56349294|0|0|1|500760576|0|||0|0|125474913.128|72427021.298|10206062.956|15099|0|0|0|2022-04-18 21:24:12.572335+02
1500|1650318016.413848|2022-04-18 23:40:16.413848+02|16408|test|17|317820007|0|330950249|1347469016|402378253|375637587|81364706|56362096|0|0|1|500760576|0|||0|0|125490949.308|72439527.679|10208409.199|15101|0|0|0|2022-04-18 21:24:12.572335+02
1501|1650318017.434512|2022-04-18 23:40:17.434512+02|16408|test|17|317832983|0|330963684|1347599094|402404494|375663725|81377678|56375068|0|0|1|500760576|0|||0|0|125506993.759|72451877.673|10210900.647|15103|0|0|0|2022-04-18 21:24:12.572335+02
1502|1650318018.454707|2022-04-18 23:40:18.454707+02|16408|test|17|317845746|0|330976918|1347727110|402430317|375689437|81390437|56387827|0|0|1|500760576|0|||0|0|125523058.773|72464402.736|10213261.719|15105|0|0|0|2022-04-18 21:24:12.572335+02
1503|1650318019.474215|2022-04-18 23:40:19.474215+02|16408|test|17|317856473|0|330988054|1347834749|402452060|375711077|81401160|56398550|0|0|1|500760576|0|||0|0|125539616.859|72477967.441|10215270.88|15107|0|0|0|2022-04-18 21:24:12.572335+02
1504|1650318020.494996|2022-04-18 23:40:20.494996+02|16408|test|17|317868739|0|331000831|1347957794|402476898|375735795|81413422|56410812|0|0|1|500760576|0|||0|0|125555695.509|72490641.565|10217534.249|15109|0|0|0|2022-04-18 21:24:12.572335+02
1505|1650318021.515985|2022-04-18 23:40:21.515985+02|16408|test|17|317875817|0|331008259|1348028889|402491301|375750137|81420496|56417886|0|0|1|500760576|0|||0|0|125571904.318|72505025.733|10218723.064|15111|0|0|0|2022-04-18 21:24:12.572335+02
1506|1650318022.537543|2022-04-18 23:40:22.537543+02|16408|test|17|317888735|0|331021739|1348158353|402517437|375776159|81433410|56430800|0|0|1|500760576|0|||0|0|125587942.859|72517502.351|10221074.31|15113|0|0|0|2022-04-18 21:24:12.572335+02
1507|1650318023.558782|2022-04-18 23:40:23.558782+02|16408|test|17|317901408|0|331034894|1348285566|402543088|375801691|81446079|56443469|0|0|1|500760576|0|||0|0|125604029.594|72530040.687|10223431.795|15115|0|0|0|2022-04-18 21:24:12.572335+02
1508|1650318024.579474|2022-04-18 23:40:24.579474+02|16408|test|17|317914479|0|331048545|1348416520|402569528|375828019|81459146|56456536|0|0|1|500760576|0|||0|0|125621189.648|72543450.616|10225952.598|15117|0|0|0|2022-04-18 21:24:12.572335+02
1509|1650318025.599168|2022-04-18 23:40:25.599168+02|16408|test|17|317927121|0|331061705|1348543248|402595109|375853489|81471784|56469174|0|0|1|500760576|0|||0|0|125640235.495|72559076.805|10228199.829|15119|0|0|0|2022-04-18 21:24:12.572335+02
1510|1650318026.620055|2022-04-18 23:40:26.620055+02|16408|test|17|317936259|0|331071196|1348635032|402613656|375871951|81480918|56478308|0|0|1|500760576|0|||0|0|125655505.199|72571780.032|10229903.479|15121|0|0|0|2022-04-18 21:24:12.572335+02
1511|1650318027.641342|2022-04-18 23:40:27.641342+02|16408|test|17|317944841|0|331080179|1348721043|402631080|375889301|81489496|56486886|0|0|1|500760576|0|||0|0|125671561.774|72585464.183|10231474.941|15123|0|0|0|2022-04-18 21:24:12.572335+02
1512|1650318028.662460|2022-04-18 23:40:28.66246+02|16408|test|17|317959072|0|331095031|1348863667|402659861|375917949|81503723|56501113|0|0|1|500760576|0|||0|0|125689101.029|72599121.585|10234077.229|15125|0|0|0|2022-04-18 21:24:12.572335+02
1513|1650318029.683141|2022-04-18 23:40:29.683141+02|16408|test|17|317971882|0|331108368|1348992159|402685807|375943755|81516529|56513919|0|0|1|500760576|0|||0|0|125705140.585|72611484.991|10236544.438|15127|0|0|0|2022-04-18 21:24:12.572335+02
1514|1650318030.703634|2022-04-18 23:40:30.703634+02|16408|test|17|317983836|0|331120859|1349111871|402709996|375967849|81528479|56525869|0|0|1|500760576|0|||0|0|125723262.795|72626362.755|10238692.3|15129|0|0|0|2022-04-18 21:24:12.572335+02
1515|1650318031.723628|2022-04-18 23:40:31.723628+02|16408|test|17|317996541|0|331134047|1349239298|402735699|375993445|81541180|56538570|0|0|1|500760576|0|||0|0|125739803.666|72639329.355|10241073.923|15131|0|0|0|2022-04-18 21:24:12.572335+02
1516|1650318032.744463|2022-04-18 23:40:32.744463+02|16408|test|17|318002281|0|331140024|1349297065|402747412|376005111|81546916|56544306|0|0|1|500760576|0|||0|0|125753194.432|72651171.908|10242066.9|15133|0|0|0|2022-04-18 21:24:12.572335+02
1517|1650318033.764628|2022-04-18 23:40:33.764628+02|16408|test|17|318014135|0|331152276|1349416111|402771412|376029005|81558766|56556156|0|0|1|500760576|0|||0|0|125769244.214|72664086.058|10244124.76|15135|0|0|0|2022-04-18 21:24:12.572335+02
1518|1650318034.785200|2022-04-18 23:40:34.7852+02|16408|test|17|318026926|0|331165472|1349544448|402797287|376054773|81571553|56568943|0|0|1|500760576|0|||0|0|125785283.398|72676556.396|10246532.004|15137|0|0|0|2022-04-18 21:24:12.572335+02
1519|1650318035.806377|2022-04-18 23:40:35.806377+02|16408|test|17|318039970|0|331178805|1349675478|402823672|376081047|81584593|56581983|0|0|1|500760576|0|||0|0|125801325.63|72688970.731|10248961.088|15139|0|0|0|2022-04-18 21:24:12.572335+02
1520|1650318036.827153|2022-04-18 23:40:36.827153+02|16408|test|17|318050569|0|331189856|1349781787|402845167|376102431|81595188|56592578|0|0|1|500760576|0|||0|0|125817641.263|72702473.083|10250798.959|15141|0|0|0|2022-04-18 21:24:12.572335+02
1521|1650318037.847303|2022-04-18 23:40:37.847303+02|16408|test|17|318063573|0|331203359|1349912184|402871478|376128625|81608188|56605578|0|0|1|500760576|0|||0|0|125833679.698|72714896.406|10253226.677|15143|0|0|0|2022-04-18 21:24:12.572335+02
1522|1650318038.866982|2022-04-18 23:40:38.866982+02|16408|test|17|318070378|0|331210486|1349980529|402885332|376142421|81614989|56612379|0|0|1|500760576|0|||0|0|125850159.228|72729413.662|10254527.375|15145|0|0|0|2022-04-18 21:24:12.572335+02
1523|1650318039.887562|2022-04-18 23:40:39.887562+02|16408|test|17|318083734|0|331224499|1350114493|402912353|376169319|81628341|56625731|0|0|1|500760576|0|||0|0|125867210.825|72742746.311|10256995.628|15147|0|0|0|2022-04-18 21:24:12.572335+02
1524|1650318040.907979|2022-04-18 23:40:40.907979+02|16408|test|18|318092946|0|331234081|1350206817|402931017|376187917|81637550|56634940|0|0|1|500760576|0|||0|0|125879237.732|72752245.411|10258690.239|15148|0|0|0|2022-04-18 21:24:12.572335+02
1525|1650318041.918563|2022-04-18 23:40:41.918563+02|16408|test|18|318108255|0|331249871|1350362466|402962347|376218733|81652854|56650244|0|0|1|500760576|0|||0|0|125901868.05|72770360.599|10261689.277|15151|0|0|0|2022-04-18 21:24:12.572335+02
1526|1650318042.939133|2022-04-18 23:40:42.939133+02|16408|test|18|318116797|0|331258795|1350451891|402980309|376236003|81661392|56658782|0|0|1|500760576|0|||0|0|125915080.019|72781144.523|10263269.853|15153|0|0|0|2022-04-18 21:24:12.572335+02
1527|1650318043.961456|2022-04-18 23:40:43.961456+02|16408|test|17|318123942|0|331290845|1350533808|402997140|376250825|81668529|56665923|0|0|1|500760576|0|||0|0|125931242.209|72795151.531|10264637.202|15155|0|0|0|2022-04-18 21:24:12.572335+02
1528|1650318044.982331|2022-04-18 23:40:44.982331+02|16408|test|17|318136180|0|331303592|1350656514|403021893|376275487|81680763|56678157|0|0|1|500760576|0|||0|0|125948280.552|72808860.16|10266823.277|15157|0|0|0|2022-04-18 21:24:12.572335+02
1529|1650318046.002505|2022-04-18 23:40:46.002505+02|16408|test|17|318151142|0|331319133|1350806490|403052143|376305597|81695721|56693115|0|0|1|500760576|0|||0|0|125967385.906|72823672.807|10269726.728|15159|0|0|0|2022-04-18 21:24:12.572335+02
1530|1650318047.022883|2022-04-18 23:40:47.022883+02|16408|test|17|318163956|0|331332596|1350934815|403078062|376331411|81708531|56705925|0|0|1|500760576|0|||0|0|125983432.573|72836067.693|10272192.967|15161|0|0|0|2022-04-18 21:24:12.572335+02
1531|1650318048.042945|2022-04-18 23:40:48.042945+02|16408|test|17|318174039|0|331343147|1351035905|403098502|376351763|81718610|56716004|0|0|1|500760576|0|||0|0|126000200.514|72850074.105|10274009.867|15163|0|0|0|2022-04-18 21:24:12.572335+02
1532|1650318049.063106|2022-04-18 23:40:49.063106+02|16408|test|17|318186505|0|331356005|1351160956|403123720|376376881|81731072|56728466|0|0|1|500760576|0|||0|0|126016255.832|72862637.261|10276337.947|15165|0|0|0|2022-04-18 21:24:12.572335+02
1533|1650318050.083919|2022-04-18 23:40:50.083919+02|16408|test|17|318193527|0|331363383|1351231472|403138017|376391111|81738090|56735484|0|0|1|500760576|0|||0|0|126032555.13|72876991.896|10277620.57|15167|0|0|0|2022-04-18 21:24:12.572335+02
1534|1650318051.104128|2022-04-18 23:40:51.104128+02|16408|test|17|318205904|0|331376190|1351355732|403163061|376416051|81750463|56747857|0|0|1|500760576|0|||0|0|126048610.243|72889614.071|10279903.869|15169|0|0|0|2022-04-18 21:24:12.572335+02
1535|1650318052.124885|2022-04-18 23:40:52.124885+02|16408|test|17|318218669|0|331389475|1351483802|403188892|376441767|81763224|56760618|0|0|1|500760576|0|||0|0|126064648.992|72902027.772|10282324.324|15171|0|0|0|2022-04-18 21:24:12.572335+02
1536|1650318053.145483|2022-04-18 23:40:53.145483+02|16408|test|17|318231173|0|331402458|1351609234|403214216|376466961|81775724|56773118|0|0|1|500760576|0|||0|0|126080823.004|72914581.823|10284766.001|15173|0|0|0|2022-04-18 21:24:12.572335+02
1537|1650318054.164967|2022-04-18 23:40:54.164967+02|16408|test|17|318241127|0|331412938|1351709086|403234395|376487055|81785674|56783068|0|0|1|500760576|0|||0|0|126097374.562|72928277.37|10286685.245|15175|0|0|0|2022-04-18 21:24:12.572335+02
1538|1650318055.186320|2022-04-18 23:40:55.18632+02|16408|test|17|318252729|0|331425016|1351825351|403257911|376510445|81797272|56794666|0|0|1|500760576|0|||0|0|126113014.953|72940677.745|10288832.207|15177|0|0|0|2022-04-18 21:24:12.572335+02
1539|1650318056.207447|2022-04-18 23:40:56.207447+02|16408|test|17|318260071|0|331432612|1351899200|403272841|376525315|81804610|56802004|0|0|1|500760576|0|||0|0|126129667.133|72955316.194|10290180.413|15179|0|0|0|2022-04-18 21:24:12.572335+02
1540|1650318057.228254|2022-04-18 23:40:57.228254+02|16408|test|17|318272824|0|331445945|1352027039|403298636|376551007|81817359|56814753|0|0|1|500760576|0|||0|0|126145703.307|72967834.225|10292512.499|15181|0|0|0|2022-04-18 21:24:12.572335+02
1541|1650318058.248473|2022-04-18 23:40:58.248473+02|16408|test|17|318285830|0|331459541|1352157451|403324948|376577205|81830361|56827755|0|0|1|500760576|0|||0|0|126161745.953|72980228.066|10294966.562|15183|0|0|0|2022-04-18 21:24:12.572335+02
1542|1650318059.268753|2022-04-18 23:40:59.268753+02|16408|test|17|318297690|0|331471944|1352276410|403348982|376601111|81842217|56839611|0|0|1|500760576|0|||0|0|126177927.956|72993084.339|10297187.803|15185|0|0|0|2022-04-18 21:24:12.572335+02
1543|1650318060.288718|2022-04-18 23:41:00.288718+02|16408|test|17|318308766|0|331483382|1352387499|403371400|376623449|81853289|56850683|0|0|1|500760576|0|||0|0|126193965.461|73006126.946|10299139.56|15187|0|0|0|2022-04-18 21:24:12.572335+02
1544|1650318061.309143|2022-04-18 23:41:01.309143+02|16408|test|17|318319293|0|331494291|1352493153|403392724|376644689|81863812|56861206|0|0|1|500760576|0|||0|0|126211691.153|73020978.4|10301059.248|15189|0|0|0|2022-04-18 21:24:12.572335+02
1545|1650318062.329255|2022-04-18 23:41:02.329255+02|16408|test|17|318329974|0|331505339|1352600349|403414371|376666237|81874489|56871883|0|0|1|500760576|0|||0|0|126227752.513|73034214.048|10302911.481|15191|0|0|0|2022-04-18 21:24:12.572335+02
1546|1650318063.349481|2022-04-18 23:41:03.349481+02|16408|test|17|318342732|0|331518659|1352728194|403440177|376691939|81887243|56884637|0|0|1|500760576|0|||0|0|126243790.055|73046691.008|10305280.611|15193|0|0|0|2022-04-18 21:24:12.572335+02
1547|1650318064.370506|2022-04-18 23:41:04.370506+02|16408|test|17|318356316|0|331532723|1352864371|403467626|376719293|81900823|56898217|0|0|1|500760576|0|||0|0|126260332.375|73059394.785|10307844.577|15195|0|0|0|2022-04-18 21:24:12.572335+02
1548|1650318065.390841|2022-04-18 23:41:05.390841+02|16408|test|17|318366506|0|331543374|1352966572|403488278|376739859|81911009|56908403|0|0|1|500760576|0|||0|0|126276371.066|73072724.107|10309612.924|15197|0|0|0|2022-04-18 21:24:12.572335+02
1549|1650318066.411498|2022-04-18 23:41:06.411498+02|16408|test|17|318379442|0|331556822|1353096409|403514470|376765917|81923941|56921335|0|0|1|500760576|0|||0|0|126292407.86|73085195.912|10312002.584|15199|0|0|0|2022-04-18 21:24:12.572335+02
1550|1650318067.432129|2022-04-18 23:41:07.432129+02|16408|test|17|318386790|0|331564563|1353170209|403529428|376780799|81931285|56928679|0|0|1|500760576|0|||0|0|126308754.725|73099533.344|10313311.828|15201|0|0|0|2022-04-18 21:24:12.572335+02
1551|1650318068.452247|2022-04-18 23:41:08.452247+02|16408|test|17|318400361|0|331578713|1353306210|403556873|376808127|81944852|56942246|0|0|1|500760576|0|||0|0|126325795.134|73112935.229|10315715.883|15203|0|0|0|2022-04-18 21:24:12.572335+02
1552|1650318069.472335|2022-04-18 23:41:09.472335+02|16408|test|17|318413128|0|331591931|1353434286|403582708|376833847|81957615|56955009|0|0|1|500760576|0|||0|0|126341886.398|73125358.534|10318206.42|15205|0|0|0|2022-04-18 21:24:12.572335+02
1553|1650318070.494926|2022-04-18 23:41:10.494926+02|16408|test|17|318426216|0|331605552|1353565552|403609182|376860209|81970699|56968093|0|0|1|500760576|0|||0|0|126357938.155|73137704.875|10320687.514|15207|0|0|0|2022-04-18 21:24:12.572335+02
1554|1650318071.515365|2022-04-18 23:41:11.515365+02|16408|test|17|318436567|0|331616246|1353669362|403630179|376881097|81981046|56978440|0|0|1|500760576|0|||0|0|126374683.396|73151571.017|10322602.949|15209|0|0|0|2022-04-18 21:24:12.572335+02
1555|1650318072.535959|2022-04-18 23:41:12.535959+02|16408|test|17|318449142|0|331629354|1353795491|403655634|376906433|81993617|56991011|0|0|1|500760576|0|||0|0|126390815.28|73164128.524|10324992.327|15211|0|0|0|2022-04-18 21:24:12.572335+02
1556|1650318073.556420|2022-04-18 23:41:13.55642+02|16408|test|17|318456117|0|331636479|1353865759|403669848|376920569|82000588|56997982|0|0|1|500760576|0|||0|0|126406894.178|73178255.525|10326299.67|15213|0|0|0|2022-04-18 21:24:12.572335+02
1557|1650318074.576189|2022-04-18 23:41:14.576189+02|16408|test|17|318469094|0|331649924|1353996043|403696111|376946709|82013561|57010955|0|0|1|500760576|0|||0|0|126422935.057|73190866.853|10328569.352|15215|0|0|0|2022-04-18 21:24:12.572335+02
1558|1650318075.598148|2022-04-18 23:41:15.598148+02|16408|test|17|318481628|0|331662796|1354121834|403721488|376971963|82026091|57023485|0|0|1|500760576|0|||0|0|126438999.85|73203327.944|10331006.039|15217|0|0|0|2022-04-18 21:24:12.572335+02
1559|1650318076.619824|2022-04-18 23:41:16.619824+02|16408|test|17|318494464|0|331676260|1354250603|403747471|376997821|82038923|57036317|0|0|1|500760576|0|||0|0|126455047.585|73215749.888|10333425.532|15219|0|0|0|2022-04-18 21:24:12.572335+02
1560|1650318077.642946|2022-04-18 23:41:17.642946+02|16408|test|17|318504623|0|331686819|1354352444|403768073|377018325|82049078|57046472|0|0|1|500760576|0|||0|0|126471090.391|73228916.207|10335351.783|15221|0|0|0|2022-04-18 21:24:12.572335+02
1561|1650318078.663104|2022-04-18 23:41:18.663104+02|16408|test|17|318516861|0|331699595|1354475208|403792828|377042987|82061312|57058706|0|0|1|500760576|0|||0|0|126487154.635|73241614.632|10337582.951|15223|0|0|0|2022-04-18 21:24:12.572335+02
1562|1650318079.684388|2022-04-18 23:41:19.684388+02|16408|test|17|318524446|0|331707505|1354551273|403808254|377058343|82068893|57066287|0|0|1|500760576|0|||0|0|126503222.518|73255542.983|10338991.112|15225|0|0|0|2022-04-18 21:24:12.572335+02
1563|1650318080.705115|2022-04-18 23:41:20.705115+02|16408|test|17|318537326|0|331720984|1354680491|403834313|377084289|82081769|57079163|0|0|1|500760576|0|||0|0|126519272.213|73268025.328|10341370.674|15227|0|0|0|2022-04-18 21:24:12.572335+02
1564|1650318081.725241|2022-04-18 23:41:21.725241+02|16408|test|17|318550371|0|331734614|1354811065|403860712|377110565|82094810|57092204|0|0|1|500760576|0|||0|0|126535309.577|73280404.718|10343829.141|15229|0|0|0|2022-04-18 21:24:12.572335+02
1565|1650318082.745600|2022-04-18 23:41:22.7456+02|16408|test|17|318562408|0|331747196|1354931716|403885079|377134825|82106843|57104237|0|0|1|500760576|0|||0|0|126551655.726|73293451.883|10345995.413|15231|0|0|0|2022-04-18 21:24:12.572335+02
1566|1650318083.767166|2022-04-18 23:41:23.767166+02|16408|test|17|318576529|0|331761966|1355073277|403913655|377163253|82120960|57118354|0|0|1|500760576|0|||0|0|126572206.496|73310256.786|10348461.618|15233|0|0|0|2022-04-18 21:24:12.572335+02
1567|1650318084.787911|2022-04-18 23:41:24.787911+02|16408|test|17|318584251|0|331769986|1355151009|403929361|377178883|82128678|57126072|0|0|1|500760576|0|||0|0|126588307.407|73324274.328|10349837.065|15235|0|0|0|2022-04-18 21:24:12.572335+02
1568|1650318085.808553|2022-04-18 23:41:25.808553+02|16408|test|17|318595595|0|331781658|1355264763|403952344|377201757|82140018|57137412|0|0|1|500760576|0|||0|0|126604349.549|73337332.821|10351786.051|15237|0|0|0|2022-04-18 21:24:12.572335+02
1569|1650318086.829215|2022-04-18 23:41:26.829215+02|16408|test|17|318609130|0|331795749|1355400399|403979716|377229013|82153549|57150943|0|0|1|500760576|0|||0|0|126621386.156|73350496.869|10354389.325|15239|0|0|0|2022-04-18 21:24:12.572335+02
1570|1650318087.850179|2022-04-18 23:41:27.850179+02|16408|test|17|318622234|0|331809304|1355531836|404006235|377255407|82166649|57164043|0|0|1|500760576|0|||0|0|126637425.078|73362955.854|10356784.169|15241|0|0|0|2022-04-18 21:24:12.572335+02
1571|1650318088.870114|2022-04-18 23:41:28.870114+02|16408|test|17|318629891|0|331817350|1355608714|404021795|377270907|82174302|57171696|0|0|1|500760576|0|||0|0|126651070.685|73374568.983|10358111.077|15243|0|0|0|2022-04-18 21:24:12.572335+02
1572|1650318089.890433|2022-04-18 23:41:29.890433+02|16408|test|17|318642292|0|331830371|1355733248|404046894|377295895|82186699|57184093|0|0|1|500760576|0|||0|0|126667112.578|73387332.608|10360245.685|15245|0|0|0|2022-04-18 21:24:12.572335+02
1573|1650318090.911696|2022-04-18 23:41:30.911696+02|16408|test|17|318652204|0|331840681|1355832653|404067007|377315905|82196607|57194001|0|0|1|500760576|0|||0|0|126686730.225|73404302.49|10361987.955|15247|0|0|0|2022-04-18 21:24:12.572335+02
1574|1650318091.931838|2022-04-18 23:41:31.931838+02|16408|test|17|318665076|0|331853984|1355961604|404093051|377341835|82209475|57206869|0|0|1|500760576|0|||0|0|126703777.624|73417931.386|10364200.556|15249|0|0|0|2022-04-18 21:24:12.572335+02
1575|1650318092.952393|2022-04-18 23:41:32.952393+02|16408|test|17|318677940|0|331867334|1356090479|404119081|377367749|82222335|57219729|0|0|1|500760576|0|||0|0|126720331.206|73430854.138|10366618.861|15251|0|0|0|2022-04-18 21:24:12.572335+02
1576|1650318093.972272|2022-04-18 23:41:33.972272+02|16408|test|17|318690224|0|331880086|1356213662|404143938|377392503|82234615|57232009|0|0|1|500760576|0|||0|0|126736396.811|73443382.651|10369011.136|15253|0|0|0|2022-04-18 21:24:12.572335+02
1577|1650318094.993505|2022-04-18 23:41:34.993505+02|16408|test|17|318700149|0|331890361|1356313283|404164041|377412539|82244536|57241930|0|0|1|500760576|0|||0|0|126753183.529|73457571.861|10370680.025|15255|0|0|0|2022-04-18 21:24:12.572335+02
1578|1650318096.014076|2022-04-18 23:41:36.014076+02|16408|test|17|318712416|0|331903170|1356436254|404188885|377437259|82256799|57254193|0|0|1|500760576|0|||0|0|126769218.964|73470290.782|10372891.39|15257|0|0|0|2022-04-18 21:24:12.572335+02
1579|1650318097.035025|2022-04-18 23:41:37.035025+02|16408|test|17|318718959|0|331909975|1356502093|404202225|377450531|82263338|57260732|0|0|1|500760576|0|||0|0|126785497.767|73484837.349|10374015.089|15259|0|0|0|2022-04-18 21:24:12.572335+02
1580|1650318098.055073|2022-04-18 23:41:38.055073+02|16408|test|17|318731480|0|331922963|1356627621|404227549|377475759|82275855|57273249|0|0|1|500760576|0|||0|0|126802044.874|73497975.7|10376264.12|15261|0|0|0|2022-04-18 21:24:12.572335+02
1581|1650318099.075411|2022-04-18 23:41:39.075411+02|16408|test|17|318744334|0|331936259|1356756675|404253550|377501653|82288705|57286099|0|0|1|500760576|0|||0|0|126818601.958|73511073.29|10378561.944|15263|0|0|0|2022-04-18 21:24:12.572335+02
1582|1650318100.095390|2022-04-18 23:41:40.09539+02|16408|test|17|318757449|0|331949974|1356888128|404280089|377528069|82301816|57299210|0|0|1|500760576|0|||0|0|126834638.897|73523499.108|10380969.556|15265|0|0|0|2022-04-18 21:24:12.572335+02
1583|1650318101.115841|2022-04-18 23:41:41.115841+02|16408|test|17|318767938|0|331960833|1356993318|404302632|377549243|82312299|57309693|0|0|1|500760576|0|||0|0|126850714.1|73536813.228|10382793.147|15267|0|0|0|2022-04-18 21:24:12.572335+02
1584|1650318102.136283|2022-04-18 23:41:42.136283+02|16408|test|17|318780787|0|331974106|1357122193|404328610|377575127|82325144|57322538|0|0|1|500760576|0|||0|0|126866754.098|73549162.248|10385265.563|15269|0|0|0|2022-04-18 21:24:12.572335+02
1585|1650318103.157301|2022-04-18 23:41:43.157301+02|16408|test|17|318786978|0|331980525|1357184559|404341237|377587695|82331331|57328725|0|0|1|500760576|0|||0|0|126882848.595|73563597.469|10386356.592|15271|0|0|0|2022-04-18 21:24:12.572335+02
1586|1650318104.177358|2022-04-18 23:41:44.177358+02|16408|test|17|318799513|0|331993546|1357310094|404366593|377612951|82343862|57341256|0|0|1|500760576|0|||0|0|126898883.44|73576159.605|10388658.041|15273|0|0|0|2022-04-18 21:24:12.572335+02
1587|1650318105.197746|2022-04-18 23:41:45.197746+02|16408|test|17|318812369|0|332006821|1357439096|404392590|377638849|82356714|57354108|0|0|1|500760576|0|||0|0|126915005.406|73588737.729|10391046.528|15275|0|0|0|2022-04-18 21:24:12.572335+02
1588|1650318106.217120|2022-04-18 23:41:46.21712+02|16408|test|17|318820047|0|332014789|1357516218|404408188|377654391|82364388|57361782|0|0|1|500760576|0|||0|0|126931040.753|73602820.301|10392295.377|15277|0|0|0|2022-04-18 21:24:12.572335+02
1589|1650318107.236969|2022-04-18 23:41:47.236969+02|16408|test|17|318832999|0|332028270|1357646156|404434387|377680481|82377336|57374730|0|0|1|500760576|0|||0|0|126947081.311|73615323.609|10394663.639|15279|0|0|0|2022-04-18 21:24:12.572335+02
1590|1650318108.257374|2022-04-18 23:41:48.257374+02|16408|test|17|318846145|0|332041916|1357777942|404460983|377706959|82390478|57387872|0|0|1|500760576|0|||0|0|126963149.719|73627839.817|10397000.742|15281|0|0|0|2022-04-18 21:24:12.572335+02
1591|1650318109.278326|2022-04-18 23:41:49.278326+02|16408|test|17|318858969|0|332055259|1357906658|404486934|377732793|82403298|57400692|0|0|1|500760576|0|||0|0|126979188.557|73640369.81|10399332.144|15283|0|0|0|2022-04-18 21:24:12.572335+02
1592|1650318110.298526|2022-04-18 23:41:50.298526+02|16408|test|17|318869472|0|332066224|1358011870|404508235|377753985|82413797|57411191|0|0|1|500760576|0|||0|0|126995513.872|73653888.728|10401172.055|15285|0|0|0|2022-04-18 21:24:12.572335+02
1593|1650318111.319892|2022-04-18 23:41:51.319892+02|16408|test|17|318882122|0|332079362|1358138694|404533831|377779471|82426443|57423837|0|0|1|500760576|0|||0|0|127011562.576|73666380.098|10403553.509|15287|0|0|0|2022-04-18 21:24:12.572335+02
1594|1650318112.341804|2022-04-18 23:41:52.341804+02|16408|test|17|318892929|0|332090710|1358247151|404555720|377801271|82437246|57434640|0|0|1|500760576|0|||0|0|127027609.197|73679386.058|10405609.898|15289|0|0|0|2022-04-18 21:24:12.572335+02
1595|1650318113.363252|2022-04-18 23:41:53.363252+02|16408|test|17|318904120|0|332102436|1358359094|404578367|377823839|82448433|57445827|0|0|1|500760576|0|||0|0|127043778.744|73692568.554|10407586.945|15291|0|0|0|2022-04-18 21:24:12.572335+02
1596|1650318114.383729|2022-04-18 23:41:54.383729+02|16408|test|17|318915199|0|332113924|1358470339|404600820|377846183|82459508|57456902|0|0|1|500760576|0|||0|0|127060070.484|73705795.97|10409638.2|15293|0|0|0|2022-04-18 21:24:12.572335+02
1597|1650318115.404720|2022-04-18 23:41:55.40472+02|16408|test|17|318926219|0|332125321|1358580896|404623137|377868409|82470524|57467918|0|0|1|500760576|0|||0|0|127076106.465|73718904.554|10411543.631|15295|0|0|0|2022-04-18 21:24:12.572335+02
1598|1650318116.424149|2022-04-18 23:41:56.424149+02|16408|test|17|318938421|0|332138089|1358703231|404647820|377892999|82482722|57480116|0|0|1|500760576|0|||0|0|127092165.679|73731555.024|10413817.683|15297|0|0|0|2022-04-18 21:24:12.572335+02
1599|1650318117.443568|2022-04-18 23:41:57.443568+02|16408|test|17|318948546|0|332148715|1358804839|404668363|377913435|82492843|57490237|0|0|1|500760576|0|||0|0|127108201.161|73744971.53|10415549.574|15299|0|0|0|2022-04-18 21:24:12.572335+02
1600|1650318118.463539|2022-04-18 23:41:58.463539+02|16408|test|17|318960520|0|332161162|1358924902|404692594|377937569|82504813|57502207|0|0|1|500760576|0|||0|0|127124418.649|73757903.437|10417742.658|15301|0|0|0|2022-04-18 21:24:12.572335+02
1601|1650318119.484159|2022-04-18 23:41:59.484159+02|16408|test|17|318971516|0|332172606|1359035256|404714879|377959747|82515805|57513199|0|0|1|500760576|0|||0|0|127140457.877|73770975.236|10419694.623|15303|0|0|0|2022-04-18 21:24:12.572335+02
1602|1650318120.505339|2022-04-18 23:42:00.505339+02|16408|test|17|318978792|0|332180163|1359108418|404729675|377974485|82523077|57520471|0|0|1|500760576|0|||0|0|127156565.761|73785023.655|10421052.584|15305|0|0|0|2022-04-18 21:24:12.572335+02
1603|1650318121.525164|2022-04-18 23:42:01.525164+02|16408|test|17|318990781|0|332192725|1359228526|404753951|377998649|82535062|57532456|0|0|1|500760576|0|||0|0|127172601.96|73797790.545|10423229.08|15307|0|0|0|2022-04-18 21:24:12.572335+02
1604|1650318122.545819|2022-04-18 23:42:02.545819+02|16408|test|17|319004876|0|332207383|1359369927|404782454|378027025|82549153|57546547|0|0|1|500760576|0|||0|0|127190144.534|73811548.635|10425717.198|15309|0|0|0|2022-04-18 21:24:12.572335+02
1605|1650318123.566759|2022-04-18 23:42:03.566759+02|16408|test|17|319015659|0|332218522|1359478045|404804292|378048777|82559932|57557326|0|0|1|500760576|0|||0|0|127206277.884|73824705.182|10427690.261|15311|0|0|0|2022-04-18 21:24:12.572335+02
1606|1650318124.588071|2022-04-18 23:42:04.588071+02|16408|test|17|319026844|0|332230293|1359590391|404826941|378071333|82571113|57568507|0|0|1|500760576|0|||0|0|127222343.314|73837768.815|10429655.322|15313|0|0|0|2022-04-18 21:24:12.572335+02
1607|1650318125.608810|2022-04-18 23:42:05.60881+02|16408|test|17|319037102|0|332240980|1359693234|404847736|378092035|82581367|57578761|0|0|1|500760576|0|||0|0|127241976.187|73854434.031|10431614.9|15315|0|0|0|2022-04-18 21:24:12.572335+02
1608|1650318126.629002|2022-04-18 23:42:06.629002+02|16408|test|17|319049840|0|332254082|1359820926|404873521|378117697|82594101|57591495|0|0|1|500760576|0|||0|0|127260019.144|73868832.286|10434058.683|15317|0|0|0|2022-04-18 21:24:12.572335+02
1609|1650318127.649696|2022-04-18 23:42:07.649696+02|16408|test|17|319062836|0|332267585|1359951042|404899810|378143875|82607093|57604487|0|0|1|500760576|0|||0|0|127276063.694|73881288.34|10436431.075|15319|0|0|0|2022-04-18 21:24:12.572335+02
1610|1650318128.670359|2022-04-18 23:42:08.670359+02|16408|test|17|319075673|0|332280893|1360079831|404925792|378169735|82619926|57617320|0|0|1|500760576|0|||0|0|127292108.883|73893695.152|10438872.394|15321|0|0|0|2022-04-18 21:24:12.572335+02
1611|1650318129.691990|2022-04-18 23:42:09.69199+02|16408|test|17|319086107|0|332291701|1360184536|404946935|378190789|82630356|57627750|0|0|1|500760576|0|||0|0|127308293.341|73907082.64|10440731.621|15323|0|0|0|2022-04-18 21:24:12.572335+02
1612|1650318130.713944|2022-04-18 23:42:10.713944+02|16408|test|17|319098933|0|332304981|1360313268|404972895|378216627|82643178|57640572|0|0|1|500760576|0|||0|0|127324335.337|73919525.986|10443147.387|15325|0|0|0|2022-04-18 21:24:12.572335+02
1613|1650318131.734132|2022-04-18 23:42:11.734132+02|16408|test|17|319105947|0|332312303|1360383731|404987159|378230841|82650188|57647582|0|0|1|500760576|0|||0|0|127340562.901|73933778.833|10444415.504|15327|0|0|0|2022-04-18 21:24:12.572335+02
1614|1650318132.754403|2022-04-18 23:42:12.754403+02|16408|test|17|319118681|0|332325552|1360511413|405012924|378256495|82662918|57660312|0|0|1|500760576|0|||0|0|127356597.285|73946341.257|10446721.011|15329|0|0|0|2022-04-18 21:24:12.572335+02
1615|1650318133.774772|2022-04-18 23:42:13.774772+02|16408|test|17|319131507|0|332338922|1360639938|405038880|378282333|82675740|57673134|0|0|1|500760576|0|||0|0|127372631.511|73958788.967|10449092.684|15331|0|0|0|2022-04-18 21:24:12.572335+02
1616|1650318134.795791|2022-04-18 23:42:14.795791+02|16408|test|17|319144660|0|332352654|1360771832|405065491|378308825|82688889|57686283|0|0|1|500760576|0|||0|0|127388674.147|73971155.762|10451543.026|15333|0|0|0|2022-04-18 21:24:12.572335+02
1617|1650318135.816891|2022-04-18 23:42:15.816891+02|16408|test|17|319155783|0|332364282|1360883363|405088019|378331257|82700008|57697402|0|0|1|500760576|0|||0|0|127405713.132|73985105.931|10453600.851|15335|0|0|0|2022-04-18 21:24:12.572335+02
1618|1650318136.838117|2022-04-18 23:42:16.838117+02|16408|test|17|319168027|0|332376927|1361006183|405112797|378355931|82712248|57709642|0|0|1|500760576|0|||0|0|127420744.064|73996729.973|10455867.5|15337|0|0|0|2022-04-18 21:24:12.572335+02
1619|1650318137.857091|2022-04-18 23:42:17.857091+02|16408|test|17|319174635|0|332383812|1361072665|405126272|378369333|82718852|57716246|0|0|1|500760576|0|||0|0|127436960.971|74011058.438|10457136.532|15339|0|0|0|2022-04-18 21:24:12.572335+02
1620|1650318138.876788|2022-04-18 23:42:18.876788+02|16408|test|17|319188089|0|332397860|1361207514|405153480|378396427|82732302|57729696|0|0|1|500760576|0|||0|0|127453998.908|74024331.749|10459634.106|15341|0|0|0|2022-04-18 21:24:12.572335+02
1621|1650318139.897085|2022-04-18 23:42:19.897085+02|16408|test|17|319200949|0|332411349|1361336221|405179510|378422333|82745158|57742552|0|0|1|500760576|0|||0|0|127470047.978|74036823.306|10462005.5|15343|0|0|0|2022-04-18 21:24:12.572335+02
1622|1650318140.917148|2022-04-18 23:42:20.917148+02|16408|test|17|319213774|0|332424797|1361464685|405205464|378448169|82757979|57755373|0|0|1|500760576|0|||0|0|127486148.356|74049293.072|10464425.667|15345|0|0|0|2022-04-18 21:24:12.572335+02
1623|1650318141.938132|2022-04-18 23:42:21.938132+02|16408|test|17|319224323|0|332435719|1361570497|405226827|378469453|82768524|57765918|0|0|1|500760576|0|||0|0|127502185.085|74062418.457|10466351.408|15347|0|0|0|2022-04-18 21:24:12.572335+02
1624|1650318142.958045|2022-04-18 23:42:22.958045+02|16408|test|17|319235274|0|332447101|1361680449|405249021|378491541|82779471|57776865|0|0|1|500760576|0|||0|0|127518378.434|74075605.909|10468340.234|15349|0|0|0|2022-04-18 21:24:12.572335+02
1625|1650318143.977761|2022-04-18 23:42:23.977761+02|16408|test|17|319244526|0|332456727|1361773263|405267774|378510231|82788719|57786113|0|0|1|500760576|0|||0|0|127534415.917|74089089.246|10470016.689|15351|0|0|0|2022-04-18 21:24:12.572335+02
1626|1650318144.999058|2022-04-18 23:42:24.999058+02|16408|test|17|319257655|0|332470358|1361904996|405294336|378536675|82801844|57799238|0|0|1|500760576|0|||0|0|127550448.679|74101524.431|10472403.186|15353|0|0|0|2022-04-18 21:24:12.572335+02
1627|1650318146.019966|2022-04-18 23:42:26.019966+02|16408|test|17|319270745|0|332484057|1362036162|405320828|378563041|82814930|57812324|0|0|1|500760576|0|||0|0|127566485.718|74113959.03|10474811.808|15355|0|0|0|2022-04-18 21:24:12.572335+02
1628|1650318147.041044|2022-04-18 23:42:27.041044+02|16408|test|17|319280801|0|332494544|1362137016|405341211|378583339|82824982|57822376|0|0|1|500760576|0|||0|0|127582670.196|74127301.995|10476694.91|15357|0|0|0|2022-04-18 21:24:12.572335+02
1629|1650318148.061340|2022-04-18 23:42:28.06134+02|16408|test|17|319293149|0|332507339|1362260865|405366190|378608221|82837326|57834720|0|0|1|500760576|0|||0|0|127598707.914|74140010.793|10478901.343|15359|0|0|0|2022-04-18 21:24:12.572335+02
1630|1650318149.081609|2022-04-18 23:42:29.081609+02|16408|test|17|319301529|0|332516064|1362344980|405383211|378625167|82845702|57843096|0|0|1|500760576|0|||0|0|127614847.512|74153835.746|10480410.169|15361|0|0|0|2022-04-18 21:24:12.572335+02
1631|1650318150.103333|2022-04-18 23:42:30.103333+02|16408|test|17|319311722|0|332526744|1362447209|405403860|378645739|82855891|57853285|0|0|1|500760576|0|||0|0|127630890.646|74167135.49|10482229.994|15363|0|0|0|2022-04-18 21:24:12.572335+02
1632|1650318151.123489|2022-04-18 23:42:31.123489+02|16408|test|17|319323789|0|332539332|1362568214|405428287|378670059|82867954|57865348|0|0|1|500760576|0|||0|0|127646944.183|74179798.783|10484483.842|15365|0|0|0|2022-04-18 21:24:12.572335+02
1633|1650318152.143564|2022-04-18 23:42:32.143564+02|16408|test|17|319336076|0|332552058|1362691462|405453140|378694819|82880237|57877631|0|0|1|500760576|0|||0|0|127662977.874|74192493.085|10486685.954|15367|0|0|0|2022-04-18 21:24:12.572335+02
1634|1650318153.163791|2022-04-18 23:42:33.163791+02|16408|test|17|319347141|0|332563389|1362802468|405475543|378717135|82891298|57888692|0|0|1|500760576|0|||0|0|127679603.377|74206069.525|10488694.588|15369|0|0|0|2022-04-18 21:24:12.572335+02
1635|1650318154.184057|2022-04-18 23:42:34.184057+02|16408|test|17|319360967|0|332577741|1362941061|405503493|378744973|82905120|57902514|0|0|1|500760576|0|||0|0|127699151.852|74221844.342|10491187.432|15371|0|0|0|2022-04-18 21:24:12.572335+02
1636|1650318155.204011|2022-04-18 23:42:35.204011+02|16408|test|17|319369877|0|332586957|1363030564|405521574|378762979|82914026|57911420|0|0|1|500760576|0|||0|0|127717793.646|74237954.478|10492850.555|15373|0|0|0|2022-04-18 21:24:12.572335+02
1637|1650318156.225966|2022-04-18 23:42:36.225966+02|16408|test|17|319382901|0|332600507|1363161256|405547921|378789213|82927046|57924440|0|0|1|500760576|0|||0|0|127734353.203|74250970.767|10495197.56|15375|0|0|0|2022-04-18 21:24:12.572335+02
1638|1650318157.246949|2022-04-18 23:42:37.246949+02|16408|test|17|319395666|0|332613707|1363289231|405573743|378814929|82939807|57937201|0|0|1|500760576|0|||0|0|127750401.275|74263375.477|10497651.521|15377|0|0|0|2022-04-18 21:24:12.572335+02
1639|1650318158.267786|2022-04-18 23:42:38.267786+02|16408|test|17|319408758|0|332627476|1363420529|405600234|378841299|82952895|57950289|0|0|1|500760576|0|||0|0|127766445.397|74275826.208|10500052.571|15379|0|0|0|2022-04-18 21:24:12.572335+02
1640|1650318159.287712|2022-04-18 23:42:39.287712+02|16408|test|17|319419202|0|332638333|1363525179|405621406|378862373|82963335|57960729|0|0|1|500760576|0|||0|0|127782566.141|74289096.988|10501934.551|15381|0|0|0|2022-04-18 21:24:12.572335+02
1641|1650318160.308976|2022-04-18 23:42:40.308976+02|16408|test|17|319431373|0|332651079|1363647193|405646040|378886901|82975502|57972896|0|0|1|500760576|0|||0|0|127798610.688|74301714.149|10504210.457|15383|0|0|0|2022-04-18 21:24:12.572335+02
1642|1650318161.329168|2022-04-18 23:42:41.329168+02|16408|test|18|319435417|0|332655312|1363687903|405654355|378895175|82979542|57976936|0|0|1|500760576|0|||0|0|127814750.263|74316743.403|10504928.718|15385|0|0|0|2022-04-18 21:24:12.572335+02
1643|1650318162.351876|2022-04-18 23:42:42.351876+02|16408|test|18|319440031|0|332660067|1363734984|405663916|378904589|82984152|57981546|0|0|1|500760576|0|||0|0|127830832.549|74331527.459|10505735.51|15387|0|0|0|2022-04-18 21:24:12.572335+02
1644|1650318163.373516|2022-04-18 23:42:43.373516+02|16408|test|18|319445360|0|332665646|1363789778|405675013|378915433|82989477|57986871|0|0|1|500760576|0|||0|0|127846897.874|74346012.889|10506717.766|15389|0|0|0|2022-04-18 21:24:12.572335+02
1645|1650318164.394269|2022-04-18 23:42:44.394269+02|16408|test|18|319453249|0|332673856|1363872310|405691581|378931397|82997362|57994756|0|0|1|500760576|0|||0|0|127862953.624|74359900.941|10508118.45|15391|0|0|0|2022-04-18 21:24:12.572335+02
1646|1650318165.429320|2022-04-18 23:42:45.42932+02|16408|test|17|319465568|0|332716606|1363997881|405718371|378956570|83009673|58007073|0|0|1|500760576|0|||0|0|127878994.661|74372459.723|10510434.138|15393|0|0|0|2022-04-18 21:24:12.572335+02
1647|1650318166.449388|2022-04-18 23:42:46.449388+02|16408|test|17|319475182|0|332726502|1364094308|405737853|378975984|83019283|58016683|0|0|1|500760576|0|||0|0|127895061.413|74385926.022|10512074.215|15395|0|0|0|2022-04-18 21:24:12.572335+02
1648|1650318167.469449|2022-04-18 23:42:47.469449+02|16408|test|17|319483885|0|332735602|1364181653|405755525|378993576|83027982|58025382|0|0|1|500760576|0|||0|0|127911107.738|74399878.623|10513299.948|15397|0|0|0|2022-04-18 21:24:12.572335+02
1649|1650318168.489243|2022-04-18 23:42:48.489243+02|16408|test|17|319491476|0|332743462|1364257980|405770961|379008944|83035569|58032969|0|0|1|500760576|0|||0|0|127927149.01|74413934.452|10514502.025|15399|0|0|0|2022-04-18 21:24:12.572335+02
1650|1650318169.509711|2022-04-18 23:42:49.509711+02|16408|test|17|319500984|0|332753301|1364353308|405790241|379028146|83045073|58042473|0|0|1|500760576|0|||0|0|127943199.119|74427669.449|10515875.566|15401|0|0|0|2022-04-18 21:24:12.572335+02
1651|1650318170.531979|2022-04-18 23:42:50.531979+02|16408|test|17|319508847|0|332761565|1364432217|405806225|379044058|83052932|58050332|0|0|1|500760576|0|||0|0|127959241.698|74441845.516|10516972.727|15403|0|0|0|2022-04-18 21:24:12.572335+02
1652|1650318171.553450|2022-04-18 23:42:51.55345+02|16408|test|17|319517817|0|332770754|1364522455|405824436|379062184|83061898|58059298|0|0|1|500760576|0|||0|0|127975873.59|74456296.647|10518265.11|15405|0|0|0|2022-04-18 21:24:12.572335+02
1653|1650318172.575422|2022-04-18 23:42:52.575422+02|16408|test|17|319525114|0|332778465|1364595666|405839286|379076964|83069191|58066591|0|0|1|500760576|0|||0|0|127992431.265|74470952.26|10519441.987|15407|0|0|0|2022-04-18 21:24:12.572335+02
1654|1650318173.596764|2022-04-18 23:42:53.596764+02|16408|test|17|319535662|0|332789462|1364701474|405860656|379098246|83079735|58077135|0|0|1|500760576|0|||0|0|128009013.799|74485036.407|10520909.193|15409|0|0|0|2022-04-18 21:24:12.572335+02
1655|1650318174.617124|2022-04-18 23:42:54.617124+02|16408|test|17|319546264|0|332800460|1364807929|405882130|379119636|83090333|58087733|0|0|1|500760576|0|||0|0|128025052.387|74498453.748|10522486.88|15411|0|0|0|2022-04-18 21:24:12.572335+02
1656|1650318175.638039|2022-04-18 23:42:55.638039+02|16408|test|17|319556227|0|332810705|1364907942|405902333|379139748|83100292|58097692|0|0|1|500760576|0|||0|0|128041424.066|74512372.164|10523968.117|15413|0|0|0|2022-04-18 21:24:12.572335+02
1657|1650318176.659654|2022-04-18 23:42:56.659654+02|16408|test|17|319565785|0|332820590|1365003880|405921707|379159050|83109846|58107246|0|0|1|500760576|0|||0|0|128057467.305|74526019.401|10525390.587|15415|0|0|0|2022-04-18 21:24:12.572335+02
1658|1650318177.679799|2022-04-18 23:42:57.679799+02|16408|test|17|319576827|0|332832023|1365114746|405944089|379181320|83120884|58118284|0|0|1|500760576|0|||0|0|128073508.107|74539345.671|10527024.785|15417|0|0|0|2022-04-18 21:24:12.572335+02
1659|1650318178.699891|2022-04-18 23:42:58.699891+02|16408|test|17|319583113|0|332838575|1365177850|405956898|379194078|83127166|58124566|0|0|1|500760576|0|||0|0|128089978.924|74554135.789|10528077.698|15419|0|0|0|2022-04-18 21:24:12.572335+02
1660|1650318179.721279|2022-04-18 23:42:59.721279+02|16408|test|17|319594669|0|332850572|1365293859|405980304|379217376|83138718|58136118|0|0|1|500760576|0|||0|0|128106023.264|74567212.624|10529909.505|15421|0|0|0|2022-04-18 21:24:12.572335+02
1661|1650318180.741131|2022-04-18 23:43:00.741131+02|16408|test|17|319605912|0|332862264|1365406640|406003080|379240048|83149957|58147357|0|0|1|500760576|0|||0|0|128122075.529|74580368.911|10531730.455|15423|0|0|0|2022-04-18 21:24:12.572335+02
1662|1650318181.761816|2022-04-18 23:43:01.761816+02|16408|test|17|319616317|0|332872959|1365511140|406024165|379261044|83160358|58157758|0|0|1|500760576|0|||0|0|128138120.91|74593755.319|10533344.789|15425|0|0|0|2022-04-18 21:24:12.572335+02
1663|1650318182.781611|2022-04-18 23:43:02.781611+02|16408|test|17|319624000|0|332880994|1365588342|406039768|379276596|83168037|58165437|0|0|1|500760576|0|||0|0|128154350.91|74608083.976|10534500.189|15427|0|0|0|2022-04-18 21:24:12.572335+02
1664|1650318183.801783|2022-04-18 23:43:03.801783+02|16408|test|17|319633798|0|332891216|1365686524|406059654|379296378|83177831|58175231|0|0|1|500760576|0|||0|0|128170391.452|74621477.616|10536141.065|15429|0|0|0|2022-04-18 21:24:12.572335+02
1665|1650318184.821647|2022-04-18 23:43:04.821647+02|16408|test|17|319643880|0|332901658|1365787687|406080092|379316728|83187909|58185309|0|0|1|500760576|0|||0|0|128185946.441|74634357.278|10537824.556|15431|0|0|0|2022-04-18 21:24:12.572335+02
1666|1650318185.841229|2022-04-18 23:43:05.841229+02|16408|test|17|319649273|0|332907261|1365842061|406091112|379327700|83193298|58190698|0|0|1|500760576|0|||0|0|128202797.031|74649710.072|10538771.05|15433|0|0|0|2022-04-18 21:24:12.572335+02
1667|1650318186.861738|2022-04-18 23:43:06.861738+02|16408|test|17|319661241|0|332919638|1365962023|406115334|379351822|83205262|58202662|0|0|1|500760576|0|||0|0|128221353.765|74665040.444|10540802.493|15435|0|0|0|2022-04-18 21:24:12.572335+02
1668|1650318187.882174|2022-04-18 23:43:07.882174+02|16408|test|17|319673200|0|332932079|1366081997|406139539|379375926|83217217|58214617|0|0|1|500760576|0|||0|0|128240423.511|74680776.664|10542945.841|15437|0|0|0|2022-04-18 21:24:12.572335+02
1669|1650318188.902221|2022-04-18 23:43:08.902221+02|16408|test|17|319683779|0|332943144|1366188140|406160964|379397270|83227792|58225192|0|0|1|500760576|0|||0|0|128256463.872|74693850.523|10544870.214|15439|0|0|0|2022-04-18 21:24:12.572335+02
1670|1650318189.922342|2022-04-18 23:43:09.922342+02|16408|test|17|319692378|0|332952121|1366274361|406178431|379414654|83236387|58233787|0|0|1|500760576|0|||0|0|128272523.61|74707603.889|10546334.433|15441|0|0|0|2022-04-18 21:24:12.572335+02
1671|1650318190.942400|2022-04-18 23:43:10.9424+02|16408|test|17|319702779|0|332962930|1366378832|406199507|379435642|83246784|58244184|0|0|1|500760576|0|||0|0|128288590.027|74720891.495|10548101.192|15443|0|0|0|2022-04-18 21:24:12.572335+02
1672|1650318191.962413|2022-04-18 23:43:11.962413+02|16408|test|17|319712153|0|332972663|1366472821|406218514|379454576|83256154|58253554|0|0|1|500760576|0|||0|0|128304679.815|74734405.962|10549733.614|15445|0|0|0|2022-04-18 21:24:12.572335+02
1673|1650318192.982312|2022-04-18 23:43:12.982312+02|16408|test|17|319719808|0|332980688|1366549678|406234084|379470072|83263805|58261205|0|0|1|500760576|0|||0|0|128320772.884|74748351.033|10551144.439|15447|0|0|0|2022-04-18 21:24:12.572335+02
1674|1650318194.002364|2022-04-18 23:43:14.002364+02|16408|test|17|319731287|0|332992619|1366664818|406257329|379493216|83275280|58272680|0|0|1|500760576|0|||0|0|128337317.685|74761612.795|10553263.265|15449|0|0|0|2022-04-18 21:24:12.572335+02
1675|1650318195.022634|2022-04-18 23:43:15.022634+02|16408|test|17|319743155|0|333005063|1366783721|406281347|379517138|83287144|58284544|0|0|1|500760576|0|||0|0|128353862.7|74774860.611|10555393.199|15451|0|0|0|2022-04-18 21:24:12.572335+02
1676|1650318196.042733|2022-04-18 23:43:16.042733+02|16408|test|17|319755128|0|333017457|1366903862|406305582|379541270|83299113|58296513|0|0|1|500760576|0|||0|0|128369912.954|74787499.659|10557609.82|15453|0|0|0|2022-04-18 21:24:12.572335+02
1677|1650318197.062542|2022-04-18 23:43:17.062542+02|16408|test|17|319764734|0|333027573|1367000351|406325060|379560668|83308715|58306115|0|0|1|500760576|0|||0|0|128386012.668|74800832.065|10559414.345|15455|0|0|0|2022-04-18 21:24:12.572335+02
1678|1650318198.083246|2022-04-18 23:43:18.083246+02|16408|test|17|319776902|0|333040300|1367122156|406349693|379585190|83320879|58318279|0|0|1|500760576|0|||0|0|128402059.884|74813473.77|10561638.32|15457|0|0|0|2022-04-18 21:24:12.572335+02
1679|1650318199.103176|2022-04-18 23:43:19.103176+02|16408|test|17|319783895|0|333047592|1367192287|406363922|379599362|83327868|58325268|0|0|1|500760576|0|||0|0|128418788.23|74828173.661|10562970.743|15459|0|0|0|2022-04-18 21:24:12.572335+02
1680|1650318200.124677|2022-04-18 23:43:20.124677+02|16408|test|17|319796966|0|333061040|1367323269|406390359|379625690|83340935|58338335|0|0|1|500760576|0|||0|0|128435329.21|74840975.4|10565422.43|15461|0|0|0|2022-04-18 21:24:12.572335+02
1681|1650318201.146858|2022-04-18 23:43:21.146858+02|16408|test|17|319809465|0|333074158|1367448371|406415645|379650874|83353430|58350830|0|0|1|500760576|0|||0|0|128451381.669|74853411.619|10567809.088|15463|0|0|0|2022-04-18 21:24:12.572335+02
1682|1650318202.169922|2022-04-18 23:43:22.169922+02|16408|test|17|319822289|0|333087504|1367577122|406441602|379676708|83366250|58363650|0|0|1|500760576|0|||0|0|128467442.589|74865833.024|10570204.924|15465|0|0|0|2022-04-18 21:24:12.572335+02
1683|1650318203.192931|2022-04-18 23:43:23.192931+02|16408|test|17|319831882|0|333097555|1367673137|406461049|379696080|83375839|58373239|0|0|1|500760576|0|||0|0|128483514.539|74879069.356|10572079.904|15467|0|0|0|2022-04-18 21:24:12.572335+02
1684|1650318204.215210|2022-04-18 23:43:24.21521+02|16408|test|17|319844203|0|333110267|1367796628|406485981|379720908|83388156|58385556|0|0|1|500760576|0|||0|0|128499883.819|74891826.748|10574490.339|15469|0|0|0|2022-04-18 21:24:12.572335+02
1685|1650318205.236284|2022-04-18 23:43:25.236284+02|16408|test|17|319851582|0|333117921|1367870782|406500981|379735852|83395531|58392931|0|0|1|500760576|0|||0|0|128516001.825|74905696.578|10575999.452|15471|0|0|0|2022-04-18 21:24:12.572335+02
1686|1650318206.256501|2022-04-18 23:43:26.256501+02|16408|test|17|319865015|0|333131937|1368005364|406528148|379762904|83408960|58406360|0|0|1|500760576|0|||0|0|128532037.492|74917787.621|10578612.607|15473|0|0|0|2022-04-18 21:24:12.572335+02
1687|1650318207.277428|2022-04-18 23:43:27.277428+02|16408|test|17|319878109|0|333145611|1368136722|406554635|379789278|83422050|58419450|0|0|1|500760576|0|||0|0|128548069.459|74930088.276|10581093.289|15475|0|0|0|2022-04-18 21:24:12.572335+02
1688|1650318208.298473|2022-04-18 23:43:28.298473+02|16408|test|17|319890156|0|333158196|1368257262|406579006|379813558|83434093|58431493|0|0|1|500760576|0|||0|0|128565180.256|74943675.43|10583439.353|15477|0|0|0|2022-04-18 21:24:12.572335+02
1689|1650318209.319562|2022-04-18 23:43:29.319562+02|16408|test|17|319902865|0|333171482|1368384725|406604719|379839162|83446798|58444198|0|0|1|500760576|0|||0|0|128581215.411|74956028.045|10585861.335|15479|0|0|0|2022-04-18 21:24:12.572335+02
1690|1650318210.342235|2022-04-18 23:43:30.342235+02|16408|test|17|319910487|0|333179370|1368461302|406620202|379854592|83454416|58451816|0|0|1|500760576|0|||0|0|128597406.383|74970012.155|10587301.472|15481|0|0|0|2022-04-18 21:24:12.572335+02
1691|1650318211.364122|2022-04-18 23:43:31.364122+02|16408|test|17|319923635|0|333192970|1368593177|406646798|379881074|83467560|58464960|0|0|1|500760576|0|||0|0|128614449.094|74983319.423|10589762.657|15483|0|0|0|2022-04-18 21:24:12.572335+02
1692|1650318212.384419|2022-04-18 23:43:32.384419+02|16408|test|17|319936928|0|333206730|1368726542|406673671|379907846|83480849|58478249|0|0|1|500760576|0|||0|0|128630502.64|74995610.993|10592281.947|15485|0|0|0|2022-04-18 21:24:12.572335+02
1693|1650318213.404747|2022-04-18 23:43:33.404747+02|16408|test|17|319950730|0|333221174|1368864893|406701581|379935636|83494647|58492047|0|0|1|500760576|0|||0|0|128647038.153|75008036.144|10594999.289|15487|0|0|0|2022-04-18 21:24:12.572335+02
1694|1650318214.425615|2022-04-18 23:43:34.425615+02|16408|test|17|319961305|0|333232160|1368970958|406722996|379956972|83505218|58502618|0|0|1|500760576|0|||0|0|128663131.773|75021040.687|10597028.149|15489|0|0|0|2022-04-18 21:24:12.572335+02
1695|1650318215.446796|2022-04-18 23:43:35.446796+02|16408|test|17|319974377|0|333245704|1369102019|406749435|379983302|83518286|58515686|0|0|1|500760576|0|||0|0|128678690.802|75032728.508|10599626.3|15491|0|0|0|2022-04-18 21:24:12.572335+02
1696|1650318216.466173|2022-04-18 23:43:36.466173+02|16408|test|17|319981722|0|333253307|1369175847|406764370|379998178|83525627|58523027|0|0|1|500760576|0|||0|0|128695638.711|75047508.122|10601074.984|15493|0|0|0|2022-04-18 21:24:12.572335+02
1697|1650318217.487754|2022-04-18 23:43:37.487754+02|16408|test|17|319995114|0|333267216|1369310149|406791467|380025148|83539015|58536415|0|0|1|500760576|0|||0|0|128711705.712|75059721.252|10603674.631|15495|0|0|0|2022-04-18 21:24:12.572335+02
1698|1650318218.509397|2022-04-18 23:43:38.509397+02|16408|test|17|320008230|0|333280849|1369441731|406818003|380051566|83552127|58549527|0|0|1|500760576|0|||0|0|128727745.362|75071962.062|10606209.933|15497|0|0|0|2022-04-18 21:24:12.572335+02
1699|1650318219.529630|2022-04-18 23:43:39.52963+02|16408|test|17|320020950|0|333294250|1369569225|406843759|380077192|83564843|58562243|0|0|1|500760576|0|||0|0|128743847.485|75084332.752|10608699.132|15499|0|0|0|2022-04-18 21:24:12.572335+02
1700|1650318220.550834|2022-04-18 23:43:40.550834+02|16408|test|17|320031715|0|333305437|1369677172|406865562|380098908|83575604|58573004|0|0|1|500760576|0|||0|0|128759898.182|75097380.943|10610694.637|15501|0|0|0|2022-04-18 21:24:12.572335+02
1701|1650318221.571690|2022-04-18 23:43:41.57169+02|16408|test|17|320042321|0|333316472|1369783695|406888319|380120316|83586204|58583604|0|0|1|500760576|0|||0|0|128776255.234|75110686.567|10612716.418|15503|0|0|0|2022-04-18 21:24:12.572335+02
1702|1650318222.591403|2022-04-18 23:43:42.591403+02|16408|test|17|320052127|0|333326551|1369882151|406908188|380140114|83596006|58593406|0|0|1|500760576|0|||0|0|128792303.053|75124018.786|10614503.05|15505|0|0|0|2022-04-18 21:24:12.572335+02
1703|1650318223.612887|2022-04-18 23:43:43.612887+02|16408|test|17|320067350|0|333342349|1370034789|406938944|380170746|83611225|58608625|0|0|1|500760576|0|||0|0|128810336.854|75137620.961|10617479.262|15507|0|0|0|2022-04-18 21:24:12.572335+02
1704|1650318224.633467|2022-04-18 23:43:44.633467+02|16408|test|17|320080174|0|333355855|1370163310|406964900|380196580|83624045|58621445|0|0|1|500760576|0|||0|0|128826377.363|75150037.881|10619913.081|15509|0|0|0|2022-04-18 21:24:12.572335+02
1705|1650318225.653727|2022-04-18 23:43:45.653727+02|16408|test|17|320090599|0|333366709|1370267713|406986022|380217616|83634466|58631866|0|0|1|500760576|0|||0|0|128842436.362|75163226.756|10621813.602|15511|0|0|0|2022-04-18 21:24:12.572335+02
1706|1650318226.677466|2022-04-18 23:43:46.677466+02|16408|test|17|320103772|0|333380330|1370399867|407012674|380244148|83647635|58645035|0|0|1|500760576|0|||0|0|128858477.396|75175460.978|10624345.472|15513|0|0|0|2022-04-18 21:24:12.572335+02
1707|1650318227.698631|2022-04-18 23:43:47.698631+02|16408|test|17|320111751|0|333388543|1370479950|407028876|380260292|83655610|58653010|0|0|1|500760576|0|||0|0|128876416.13|75191049.88|10625909.971|15515|0|0|0|2022-04-18 21:24:12.572335+02
1708|1650318228.718196|2022-04-18 23:43:48.718196+02|16408|test|17|320124755|0|333401993|1370610496|407055171|380286486|83668610|58666010|0|0|1|500760576|0|||0|0|128892455.356|75203357.475|10628405.638|15517|0|0|0|2022-04-18 21:24:12.572335+02
1709|1650318229.739433|2022-04-18 23:43:49.739433+02|16408|test|17|320137802|0|333415546|1370741263|407081563|380312766|83681653|58679053|0|0|1|500760576|0|||0|0|128908489.663|75215658.423|10630901.458|15519|0|0|0|2022-04-18 21:24:12.572335+02
1710|1650318230.762458|2022-04-18 23:43:50.762458+02|16408|test|17|320151324|0|333429574|1370876930|407108898|380339996|83695171|58692571|0|0|1|500760576|0|||0|0|128924537.677|75227908.393|10633453.764|15521|0|0|0|2022-04-18 21:24:12.572335+02
1711|1650318231.783273|2022-04-18 23:43:51.783273+02|16408|test|17|320161568|0|333440299|1370979518|407129648|380360670|83705411|58702811|0|0|1|500760576|0|||0|0|128940580.027|75240941.282|10635451.731|15523|0|0|0|2022-04-18 21:24:12.572335+02
1712|1650318232.803545|2022-04-18 23:43:52.803545+02|16408|test|17|320174015|0|333453220|1371104379|407154844|380385750|83717854|58715254|0|0|1|500760576|0|||0|0|128956633.372|75253343.619|10637899.624|15525|0|0|0|2022-04-18 21:24:12.572335+02
1713|1650318233.823644|2022-04-18 23:43:53.823644+02|16408|test|17|320181130|0|333460573|1371175890|407169303|380400166|83724965|58722365|0|0|1|500760576|0|||0|0|128973251.464|75267913.466|10639278.26|15527|0|0|0|2022-04-18 21:24:12.572335+02
1714|1650318234.844630|2022-04-18 23:43:54.84463+02|16408|test|17|320194512|0|333474472|1371310095|407196354|380427116|83738343|58735743|0|0|1|500760576|0|||0|0|128989298.474|75280083.967|10641873.074|15529|0|0|0|2022-04-18 21:24:12.572335+02
1715|1650318235.865650|2022-04-18 23:43:55.86565+02|16408|test|17|320207683|0|333488200|1371442055|407222986|380453644|83751510|58748910|0|0|1|500760576|0|||0|0|129005337.4|75292363.68|10644408.499|15531|0|0|0|2022-04-18 21:24:12.572335+02
1716|1650318236.886680|2022-04-18 23:43:56.88668+02|16408|test|17|320219733|0|333500805|1371562792|407247377|380477930|83763556|58760956|0|0|1|500760576|0|||0|0|129021477.148|75305047|10646731.354|15533|0|0|0|2022-04-18 21:24:12.572335+02
1717|1650318237.906913|2022-04-18 23:43:57.906913+02|16408|test|17|320231182|0|333512730|1371677756|407270554|380501014|83775001|58772401|0|0|1|500760576|0|||0|0|129037526.307|75317871.277|10648864.703|15535|0|0|0|2022-04-18 21:24:12.572335+02
1718|1650318238.928156|2022-04-18 23:43:58.928156+02|16408|test|17|320240723|0|333522528|1371773451|407289894|380520282|83784538|58781938|0|0|1|500760576|0|||0|0|129053694.546|75331323.13|10650678.584|15537|0|0|0|2022-04-18 21:24:12.572335+02
1719|1650318239.948013|2022-04-18 23:43:59.948013+02|16408|test|17|320250978|0|333533192|1371876366|407310678|380540978|83794789|58792189|0|0|1|500760576|0|||0|0|129069733.965|75344531.322|10652555.071|15539|0|0|0|2022-04-18 21:24:12.572335+02
1720|1650318240.967857|2022-04-18 23:44:00.967857+02|16408|test|17|320263804|0|333546424|1372005040|407336631|380566816|83807611|58805011|0|0|1|500760576|0|||0|0|129085764.568|75356935.536|10654982.651|15541|0|0|0|2022-04-18 21:24:12.572335+02
1721|1650318241.989443|2022-04-18 23:44:01.989443+02|16408|test|17|320277423|0|333560614|1372141582|407364165|380594240|83821226|58818626|0|0|1|500760576|0|||0|0|129101806.771|75369229.573|10657450.532|15543|0|0|0|2022-04-18 21:24:12.572335+02
1722|1650318243.010629|2022-04-18 23:44:03.010629+02|16408|test|17|320287718|0|333571339|1372244671|407385022|380615016|83831517|58828917|0|0|1|500760576|0|||0|0|129117849.941|75382330.777|10659418.641|15545|0|0|0|2022-04-18 21:24:12.572335+02
1723|1650318244.032129|2022-04-18 23:44:04.032129+02|16408|test|17|320302369|0|333586762|1372391329|407414642|380644504|83846164|58843564|0|0|1|500760576|0|||0|0|129135901.648|75396262.857|10662172.841|15547|0|0|0|2022-04-18 21:24:12.572335+02
1724|1650318245.051982|2022-04-18 23:44:05.051982+02|16408|test|17|320312814|0|333597659|1372496007|407435812|380665580|83856605|58854005|0|0|1|500760576|0|||0|0|129156027.071|75413413.278|10664155.939|15549|0|0|0|2022-04-18 21:24:12.572335+02
1725|1650318246.073123|2022-04-18 23:44:06.073123+02|16408|test|17|320325961|0|333611364|1372627891|407462410|380692060|83869748|58867148|0|0|1|500760576|0|||0|0|129172064.726|75425780.766|10666623.437|15551|0|0|0|2022-04-18 21:24:12.572335+02
1726|1650318247.093206|2022-04-18 23:44:07.093206+02|16408|test|17|320338897|0|333624754|1372757600|407488575|380718118|83882680|58880080|0|0|1|500760576|0|||0|0|129188123.586|75438108.509|10669118.312|15553|0|0|0|2022-04-18 21:24:12.572335+02
1727|1650318248.114869|2022-04-18 23:44:08.114869+02|16408|test|17|320350930|0|333637195|1372878365|407512930|380742370|83894709|58892109|0|0|1|500760576|0|||0|0|129204226.926|75450819.853|10671406.701|15555|0|0|0|2022-04-18 21:24:12.572335+02
1728|1650318249.136985|2022-04-18 23:44:09.136985+02|16408|test|17|320362210|0|333648849|1372991557|407535776|380765116|83905985|58903385|0|0|1|500760576|0|||0|0|129220263.911|75463669.763|10673549.439|15557|0|0|0|2022-04-18 21:24:12.572335+02
1729|1650318250.158732|2022-04-18 23:44:10.158732+02|16408|test|17|320372567|0|333659642|1373095468|407556774|380786016|83916338|58913738|0|0|1|500760576|0|||0|0|129236394.945|75476856.271|10675530.312|15559|0|0|0|2022-04-18 21:24:12.572335+02
1730|1650318251.180219|2022-04-18 23:44:11.180219+02|16408|test|17|320381992|0|333669359|1373190180|407575894|380805052|83925759|58923159|0|0|1|500760576|0|||0|0|129252561.072|75490338.383|10677318.119|15561|0|0|0|2022-04-18 21:24:12.572335+02
1731|1650318252.200691|2022-04-18 23:44:12.200691+02|16408|test|17|320395016|0|333683000|1373320599|407602251|380831286|83938779|58936179|0|0|1|500760576|0|||0|0|129268600.336|75502639.213|10679823.953|15563|0|0|0|2022-04-18 21:24:12.572335+02
1732|1650318253.222130|2022-04-18 23:44:13.22213+02|16408|test|17|320409561|0|333698212|1373466284|407631636|380860562|83953320|58950720|0|0|1|500760576|0|||0|0|129286669.399|75516513.962|10682646.355|15565|0|0|0|2022-04-18 21:24:12.572335+02
1733|1650318254.241857|2022-04-18 23:44:14.241857+02|16408|test|17|320418919|0|333707925|1373560230|407650620|380879464|83962674|58960074|0|0|1|500760576|0|||0|0|129300837.86|75528190.791|10684307.848|15567|0|0|0|2022-04-18 21:24:12.572335+02
1734|1650318255.262333|2022-04-18 23:44:15.262333+02|16408|test|17|320433040|0|333722637|1373702003|407679174|380907892|83976791|58974191|0|0|1|500760576|0|||0|0|129318883.691|75542324.139|10686914.955|15569|0|0|0|2022-04-18 21:24:12.572335+02
1735|1650318256.283623|2022-04-18 23:44:16.283623+02|16408|test|17|320439250|0|333729045|1373764425|407691846|380920498|83982997|58980397|0|0|1|500760576|0|||0|0|129335126.308|75556841.366|10688037.575|15571|0|0|0|2022-04-18 21:24:12.572335+02
1736|1650318257.304080|2022-04-18 23:44:17.30408+02|16408|test|17|320451413|0|333741819|1373886291|407716465|380945010|83995156|58992556|0|0|1|500760576|0|||0|0|129351167.785|75569638.916|10690160.52|15573|0|0|0|2022-04-18 21:24:12.572335+02
1737|1650318258.324450|2022-04-18 23:44:18.32445+02|16408|test|17|320463708|0|333754468|1374009630|407741324|380969786|84007447|59004847|0|0|1|500760576|0|||0|0|129367202.839|75582199.315|10692462.479|15575|0|0|0|2022-04-18 21:24:12.572335+02
1738|1650318259.345654|2022-04-18 23:44:19.345654+02|16408|test|17|320476223|0|333767496|1374135065|407766650|380995002|84019958|59017358|0|0|1|500760576|0|||0|0|129383245.57|75594694.8|10694827.196|15577|0|0|0|2022-04-18 21:24:12.572335+02
1739|1650318260.366368|2022-04-18 23:44:20.366368+02|16408|test|17|320485925|0|333777617|1374232392|407786317|381014592|84029656|59027056|0|0|1|500760576|0|||0|0|129399312.567|75608103.518|10696569.609|15579|0|0|0|2022-04-18 21:24:12.572335+02
1740|1650318261.387926|2022-04-18 23:44:21.387926+02|16408|test|17|320498539|0|333790667|1374358907|407811845|381040006|84042266|59039666|0|0|1|500760576|0|||0|0|129415351.501|75620686.078|10698853.66|15581|0|0|0|2022-04-18 21:24:12.572335+02
1741|1650318262.407945|2022-04-18 23:44:22.407945+02|16408|test|17|320505320|0|333797661|1374427104|407825639|381053754|84049043|59046443|0|0|1|500760576|0|||0|0|129431491.903|75634994.254|10700032.844|15583|0|0|0|2022-04-18 21:24:12.572335+02
1742|1650318263.428668|2022-04-18 23:44:23.428668+02|16408|test|17|320516232|0|333809124|1374536604|407847735|381075764|84059951|59057351|0|0|1|500760576|0|||0|0|129447532.955|75648150.376|10701892.748|15585|0|0|0|2022-04-18 21:24:12.572335+02
1743|1650318264.449076|2022-04-18 23:44:24.449076+02|16408|test|17|320528422|0|333821818|1374658665|407872417|381100330|84072137|59069537|0|0|1|500760576|0|||0|0|129463584.994|75660826.763|10704133.043|15587|0|0|0|2022-04-18 21:24:12.572335+02
1744|1650318265.469196|2022-04-18 23:44:25.469196+02|16408|test|17|320540437|0|333834384|1374779137|407896732|381124546|84084148|59081548|0|0|1|500760576|0|||0|0|129479625.74|75673481.491|10706376.601|15589|0|0|0|2022-04-18 21:24:12.572335+02
1745|1650318266.490347|2022-04-18 23:44:26.490347+02|16408|test|17|320550444|0|333844712|1374879511|407917014|381144746|84094151|59091551|0|0|1|500760576|0|||0|0|129496089.844|75687198.742|10708185.555|15591|0|0|0|2022-04-18 21:24:12.572335+02
1746|1650318267.510514|2022-04-18 23:44:27.510514+02|16408|test|17|320561254|0|333855903|1374987782|407938896|381166552|84104957|59102357|0|0|1|500760576|0|||0|0|129512139.176|75700358.708|10710061.761|15593|0|0|0|2022-04-18 21:24:12.572335+02
1747|1650318268.530628|2022-04-18 23:44:28.530628+02|16408|test|17|320571226|0|333866256|1375087877|407959114|381186682|84114925|59112325|0|0|1|500760576|0|||0|0|129528260.92|75713670.313|10711935.951|15595|0|0|0|2022-04-18 21:24:12.572335+02
1748|1650318269.551924|2022-04-18 23:44:29.551924+02|16408|test|17|320579168|0|333874494|1375167722|407975251|381202752|84122863|59120263|0|0|1|500760576|0|||0|0|129544313.246|75727542.29|10713351.752|15597|0|0|0|2022-04-18 21:24:12.572335+02
1749|1650318270.573466|2022-04-18 23:44:30.573466+02|16408|test|17|320592075|0|333887865|1375297138|408001347|381228752|84135766|59133166|0|0|1|500760576|0|||0|0|129560369.37|75740009.249|10715740.275|15599|0|0|0|2022-04-18 21:24:12.572335+02
1750|1650318271.594339|2022-04-18 23:44:31.594339+02|16408|test|17|320605147|0|333901430|1375428191|408027789|381255082|84148834|59146234|0|0|1|500760576|0|||0|0|129576403.277|75752458.79|10718124.102|15601|0|0|0|2022-04-18 21:24:12.572335+02
1751|1650318272.614796|2022-04-18 23:44:32.614796+02|16408|test|17|320616450|0|333913200|1375541559|408050660|381277874|84160133|59157533|0|0|1|500760576|0|||0|0|129592498.968|75765394.738|10720229.587|15603|0|0|0|2022-04-18 21:24:12.572335+02
1752|1650318273.634774|2022-04-18 23:44:33.634774+02|16408|test|17|320627761|0|333924911|1375655082|408073569|381300682|84171440|59168840|0|0|1|500760576|0|||0|0|129608540.309|75778504.939|10722143.554|15605|0|0|0|2022-04-18 21:24:12.572335+02
1753|1650318274.655132|2022-04-18 23:44:34.655132+02|16408|test|17|320637717|0|333935249|1375754865|408093753|381320780|84181392|59178792|0|0|1|500760576|0|||0|0|129625684.896|75792984.079|10723883.666|15607|0|0|0|2022-04-18 21:24:12.572335+02
1754|1650318275.675869|2022-04-18 23:44:35.675869+02|16408|test|17|320647945|0|333945952|1375857487|408114472|381341422|84191616|59189016|0|0|1|500760576|0|||0|0|129643737.901|75808453.1|10725546.144|15609|0|0|0|2022-04-18 21:24:12.572335+02
1755|1650318276.696067|2022-04-18 23:44:36.696067+02|16408|test|17|320661698|0|333960170|1375995340|408142265|381369114|84205365|59202765|0|0|1|500760576|0|||0|0|129662783.637|75823665.549|10728088.403|15611|0|0|0|2022-04-18 21:24:12.572335+02
1756|1650318277.716261|2022-04-18 23:44:37.716261+02|16408|test|17|320674090|0|333972989|1376119666|408167335|381394084|84217753|59215153|0|0|1|500760576|0|||0|0|129678818.747|75836323.86|10730339.755|15613|0|0|0|2022-04-18 21:24:12.572335+02
1757|1650318278.737265|2022-04-18 23:44:38.737265+02|16408|test|17|320684359|0|333983707|1376222748|408188139|381414808|84228018|59225418|0|0|1|500760576|0|||0|0|129694874.669|75849474.541|10732261.307|15615|0|0|0|2022-04-18 21:24:12.572335+02
1758|1650318279.758874|2022-04-18 23:44:39.758874+02|16408|test|17|320696788|0|333996491|1376347301|408213276|381439852|84240443|59237843|0|0|1|500760576|0|||0|0|129710906.027|75862134.41|10734524.463|15617|0|0|0|2022-04-18 21:24:12.572335+02
1759|1650318280.779401|2022-04-18 23:44:40.779401+02|16408|test|18|320703793|0|334003751|1376417737|408227504|381454036|84247445|59244845|0|0|1|500760576|0|||0|0|129721276.306|75870588.816|10735802.149|15618|0|0|0|2022-04-18 21:24:12.572335+02
1760|1650318281.792566|2022-04-18 23:44:41.792566+02|16408|test|18|320715890|0|334016271|1376540851|408252294|381478428|84259537|59256937|0|0|1|500760576|0|||0|0|129743315.011|75889092.716|10738103.431|15621|0|0|0|2022-04-18 21:24:12.572335+02
1761|1650318282.817089|2022-04-18 23:44:42.817089+02|16408|test|18|320727834|0|334028544|1376665992|408277350|381502502|84271477|59268877|0|0|1|500760576|0|||0|0|129760065.087|75902242.904|10740502.562|15623|0|0|0|2022-04-18 21:24:12.572335+02
1762|1650318283.839260|2022-04-18 23:44:43.83926+02|16408|test|17|320738628|0|334064416|1376785580|408301656|381524574|84282263|59279667|0|0|1|500760576|0|||0|0|129776394.005|75915295.357|10742673.924|15625|0|0|0|2022-04-18 21:24:12.572335+02
1763|1650318284.859521|2022-04-18 23:44:44.859521+02|16408|test|17|320750705|0|334076932|1376906978|408326178|381548962|84294336|59291740|0|0|1|500760576|0|||0|0|129793467.665|75929044.529|10744873.901|15627|0|0|0|2022-04-18 21:24:12.572335+02
1764|1650318285.879870|2022-04-18 23:44:45.87987+02|16408|test|1|320758724|0|334085358|1376987530|408342466|381565186|84302351|59299755|0|0|1|500760576|0|||0|0|129806083.789|75939535.645|10746305.653|15629|0|0|0|2022-04-18 21:24:12.572335+02
